2 0.00011915999999998484
5 0.0001241900000000129
10 0.00023421000000000135
12 0.00017910000000002091
15 0.0002552599999999905
20 0.00036103000000003993
30 0.00041712999999996556
40 0.0023035599999999823
45 0.002660600000000035
50 0.0029447400000000012
55 0.0029658900000000044
60 0.0030395400000000185
75 0.006523389999999951
100 0.009225849999999935
125 0.01184132999999985
160 0.017093289999999862
190 0.021897310000000125
200 0.024020679999999926
250 0.033048479999999894
300 0.0492650800000007
350 0.06218955000000008
400 0.07478698999999978
500 0.1250113699999993
550 0.1483887100000018
590 0.1723424000000051
600 0.18206296000000463
800 0.33833410000000586
