2 0.00010969000000001782
5 0.0001368299999999989
10 0.00017132000000000814
12 0.0001700300000000099
15 0.0002070200000000022
20 0.000283280000000008
30 0.0003176600000000307
40 0.002059199999999972
45 0.0021508300000000037
50 0.0025271600000000395
55 0.0027315799999999557
60 0.0027461799999999315
75 0.004868830000000069
100 0.007287489999999864
125 0.010135029999999911
160 0.016744090000000166
190 0.02512414999999981
200 0.026055469999999838
250 0.036016350000000405
300 0.048203449999999745
350 0.061619250000001104
400 0.07348811000000026
500 0.11140807000000094
550 0.1410852200000008
590 0.1723352300000059
600 0.1679253100000068
800 0.36192055999999867
