2 0.0001112000000000113
5 0.00010858000000001367
10 0.0002256099999999761
12 0.0001662399999999953
15 0.0002226999999999979
20 0.0003510000000000235
30 0.0005791400000000002
40 0.0027594000000000117
45 0.003052900000000003
50 0.003730069999999963
55 0.003984070000000029
60 0.004546519999999976
75 0.007625940000000009
100 0.012452379999999996
125 0.018248349999999823
160 0.029900760000000127
190 0.04372546999999969
200 0.04934194999999999
250 0.08254951000000048
300 0.12702583999999958
350 0.18779487999999844
400 0.25765030999999966
500 0.46121136999999807
550 0.6055220300000016
590 0.7267165099999986
600 0.7717734800000073
800 1.8763534600000042
