2 0.00015073999999999367
5 0.00014276999999999208
10 0.00024809000000004523
12 0.00016728999999996442
15 0.00019931999999999172
20 0.00032834000000000476
30 0.0003058400000000572
40 0.0020455000000000113
45 0.0022426899999999916
50 0.002608609999999967
55 0.00268250000000001
60 0.0028060800000000883
75 0.004934709999999986
100 0.00744094000000004
125 0.010542799999999807
160 0.01669995999999969
190 0.025916790000000224
200 0.027966990000000004
250 0.03634958999999949
300 0.050321369999999276
350 0.06816085999999935
400 0.07818966999999902
500 0.12180600000000083
550 0.14396126999999836
590 0.17637925999999737
600 0.1765124400000019
800 0.3370393299999904
