2 0.00011026999999999009
5 0.00010744999999998673
10 0.00020691999999998821
12 0.00017471000000003346
15 0.000244090000000019
20 0.000458919999999996
30 0.0005790099999999799
40 0.0026693400000000088
45 0.00304523000000001
50 0.0037160000000000526
55 0.004052019999999934
60 0.0043007899999998765
75 0.007747809999999999
100 0.01268413999999991
125 0.01829603000000013
160 0.030019679999999927
190 0.04371603000000022
200 0.0506419300000001
250 0.08045497000000043
300 0.1341065700000005
350 0.18795801999999995
400 0.25879374999999954
500 0.4666310199999998
550 0.6051436699999982
590 0.7531580599999984
600 0.7740301100000011
800 1.8340733299999983
