2 8.721000000000423e-05
5 0.00010180999999999107
10 0.00022959000000002394
12 0.00016642000000001157
15 0.0002312299999999823
20 0.0003561700000000112
30 0.0005832199999999954
40 0.0027423399999999985
45 0.0030605699999999734
50 0.003687680000000015
55 0.003939320000000035
60 0.004329440000000018
75 0.007745040000000092
100 0.01259465999999998
125 0.018752089999999732
160 0.03084964999999986
190 0.043127690000000295
200 0.04976301999999979
250 0.08648521000000002
300 0.12742669999999984
350 0.18969744999999988
400 0.2606271400000004
500 0.4750118900000004
550 0.6070391399999977
590 0.7461386200000035
600 0.8026934400000044
800 1.8510586699999947
