2 0.00010512000000001409
5 0.00013606000000000452
10 0.00018143000000001575
12 0.00014794000000001306
15 0.0001975800000000194
20 0.00024239999999998708
30 0.0002910999999999775
40 0.0019635199999999964
45 0.002138580000000001
50 0.0025523699999999705
55 0.0026313600000000157
60 0.002687389999999956
75 0.004761810000000022
100 0.0072127500000000126
125 0.010156739999999864
160 0.016890410000000067
190 0.02556022999999987
200 0.02607323000000008
250 0.03654043999999992
300 0.049351150000000385
350 0.06244160000000001
400 0.07227249999999827
500 0.11387032999999888
550 0.14426052000000028
590 0.16495373999999857
600 0.1675566300000014
800 0.3385611099999949
