2 0.0001035500000000078
5 0.0001180300000000023
10 0.00017150999999999695
12 0.0001700599999999719
15 0.00024260999999999865
20 0.00046149000000000884
30 0.00038189000000001807
40 0.0022870300000000345
45 0.002585060000000028
50 0.0029429499999999555
55 0.0031422400000000517
60 0.0030335899999999415
75 0.006515290000000062
100 0.009177519999999984
125 0.011570120000000106
160 0.01649996000000007
190 0.022236060000000536
200 0.023715399999999852
250 0.033491790000000424
300 0.04570166000000064
350 0.05767771999999986
400 0.07247067999999927
500 0.11669799999999952
550 0.140711180000001
590 0.1622747999999973
600 0.16691432999999734
800 0.33657665999999153
