2 0.0001021099999999886
5 0.0001179499999999778
10 0.00021634000000000375
12 0.00016700999999998966
15 0.00022106000000000626
20 0.0003534200000000154
30 0.0005755900000000147
40 0.002662710000000024
45 0.00301260000000001
50 0.0037511000000000293
55 0.0040365800000000005
60 0.004374180000000116
75 0.007612289999999922
100 0.012963110000000055
125 0.01856907999999997
160 0.03110974999999989
190 0.04528969000000016
200 0.05111907999999996
250 0.08253023000000041
300 0.13952071000000038
350 0.19502771999999952
400 0.26778604000000145
500 0.47538087000000007
550 0.614063470000002
590 0.727260070000004
600 0.7771540400000078
800 1.874730360000001
