1 0.012703099999999523 18
2 2.340000000344844e-05 72
3 5.999999999062311e-06 162
4 5.300000001540184e-06 288
5 8.999999998593466e-06 450
6 4.9999999980343546e-06 648
7 5.100000002755678e-06 882
9 6.2000000013995304e-06 1458
11 5.599999997940586e-06 2178
13 5.900000001446415e-06 3042
16 7.000000000090267e-06 4608
20 7.99999999756551e-06 7200
24 1.5699999998730618e-05 10368
29 1.4000000000180535e-05 15138
35 3.260000000082641e-05 22050
42 2.6900000001717217e-05 31752
51 3.1700000000967066e-05 46818
62 4.410000000021341e-05 69192
75 0.00014780000000058635 101250
100 0.00019610000000014338 180000
190 0.0008675000000017974 649800
200 0.0009651999999995553 720000
240 0.0015031000000007566 1036800
330 0.003517399999999782 1960200
360 0.003682400000002417 2332800
400 0.004660200000000003 2880000
490 0.0060280000000005884 4321800
500 0.008309400000001688 4500000
596 0.012404000000000082 6393888
719 0.018172400000000977 9305298
868 0.028061799999999693 13561632
1048 0.04717350000000309 19769472
1264 0.07640509999999878 28758528
1526 0.13208020000000076 41916168
1842 0.24400799999999734 61073352
2222 0.42517790000000133 88871112
2682 0.7187020000000004 129476232
3237 1.2841611999999998 188607042
3906 2.3037056000000007 274623048
