1 0.014142100000000823 18
2 3.1800000002135675e-05 72
3 6.40000000373675e-06 162
4 5.39999999915608e-06 288
5 5.19999999681886e-06 450
6 5.000000001587068e-06 648
7 5.39999999915608e-06 882
9 6.50000000490536e-06 1458
11 5.7999999967250915e-06 2178
13 6.000000006167738e-06 3042
16 6.299999995462713e-06 4608
20 1.4399999997749546e-05 7200
24 1.559999999756201e-05 10368
29 1.4800000002423985e-05 15138
35 2.749999999451802e-05 22050
42 2.5400000005504353e-05 31752
51 3.060000000232321e-05 46818
62 5.9299999996653696e-05 69192
75 0.00014309999999539968 101250
100 0.0003382999999956837 180000
190 0.0007105999999978962 649800
200 0.0009028999999998177 720000
240 0.0009668000000004895 1036800
330 0.006430000000001712 1960200
360 0.0033922000000004005 2332800
400 0.005434399999998618 2880000
490 0.006039000000001238 4321800
500 0.008435599999998544 4500000
596 0.012550599999997303 6393888
719 0.020545899999994788 9305298
868 0.03493819999999914 13561632
1048 0.056871199999996236 19769472
1264 0.0896813000000023 28758528
1526 0.1474232999999998 41916168
1842 0.26278369999999995 61073352
2222 0.49097059999999715 88871112
2682 0.8681865000000002 129476232
3237 1.4884733000000026 188607042
3906 2.538910599999994 274623048
