1 0.012847700000000017 18
2 2.689999999994086e-05 72
3 5.400000000044258e-06 162
4 1.1900000000508726e-05 288
5 4.999999999810711e-06 450
6 4.699999999857596e-06 648
7 5.00000000069889e-06 882
9 7.000000000090267e-06 1458
11 6.100000000230921e-06 2178
13 6.400000000184036e-06 3042
16 6.899999999809836e-06 4608
20 7.499999999716067e-06 7200
24 1.6699999999758575e-05 10368
29 1.870000000003813e-05 15138
35 3.5400000000684884e-05 22050
42 4.0400000000495595e-05 31752
51 4.440000000016653e-05 46818
62 4.889999999946326e-05 69192
75 0.00013569999999951676 101250
100 0.000242900000000823 180000
190 0.0008023000000001446 649800
200 0.000964299999999696 720000
240 0.0010589000000003068 1036800
330 0.0033503000000001393 1960200
360 0.0034371000000001928 2332800
400 0.003590299999999935 2880000
490 0.007440500000000405 4321800
500 0.007156100000000443 4500000
596 0.01182049999999979 6393888
719 0.02481639999999974 9305298
868 0.028631599999999757 13561632
1048 0.045794500000000404 19769472
1264 0.07741100000000056 28758528
1526 0.12448119999999996 41916168
1842 0.2147937999999998 61073352
2222 0.37058760000000035 88871112
2682 0.6099258000000001 129476232
3237 1.1241492000000006 188607042
3906 2.0450017000000003 274623048
