1 0.012600000000000833 18
2 2.2799999999989495e-05 72
3 5.700000000885552e-06 162
4 5.50000000032469e-06 288
5 5.099999999202964e-06 450
6 4.9000000004184585e-06 648
7 4.999999999810711e-06 882
9 6.400000000184036e-06 1458
11 5.400000000932437e-06 2178
13 5.700000000885552e-06 3042
16 6.499999999576289e-06 4608
20 7.399999999435636e-06 7200
24 1.5300000001161607e-05 10368
29 1.3499999999666557e-05 15138
35 3.069999999993911e-05 22050
42 3.240000000026555e-05 31752
51 3.189999999975157e-05 46818
62 4.28000000010087e-05 69192
75 0.00012240000000041107 101250
100 0.00016640000000123223 180000
190 0.0007970000000003807 649800
200 0.0011007999999996798 720000
240 0.001284599999999969 1036800
330 0.003264099999999104 1960200
360 0.0034738000000000824 2332800
400 0.0034440000000000026 2880000
490 0.0064352999999997 4321800
500 0.007209200000000138 4500000
596 0.009676799999999375 6393888
719 0.016222900000000706 9305298
868 0.02666460000000015 13561632
1048 0.04563800000000029 19769472
1264 0.07538360000000033 28758528
1526 0.12455300000000058 41916168
1842 0.20990719999999996 61073352
2222 0.37707279999999876 88871112
2682 0.6770472999999999 129476232
3237 1.224919700000001 188607042
3906 2.3293806000000004 274623048
