1 0.011321200000004694 18
2 2.0499999997980467e-05 72
3 5.39999999915608e-06 162
4 4.9000000004184585e-06 288
5 7.300000000043383e-06 450
6 4.799999999249849e-06 648
7 4.699999998081239e-06 882
9 6.2000000013995304e-06 1458
11 5.19999999681886e-06 2178
13 5.7999999967250915e-06 3042
16 6.40000000373675e-06 4608
20 7.500000002380602e-06 7200
24 1.4200000002517754e-05 10368
29 1.3500000001442913e-05 15138
35 2.6599999998211388e-05 22050
42 2.4699999997324085e-05 31752
51 3.219999999970469e-05 46818
62 4.140000000063537e-05 69192
75 0.00014780000000058635 101250
100 0.0001774999999994975 180000
190 0.0006155000000021005 649800
200 0.0013890999999972564 720000
240 0.002132199999998363 1036800
330 0.0028770999999991886 1960200
360 0.0035914999999988595 2332800
400 0.003808899999995674 2880000
490 0.006542299999999557 4321800
500 0.0064517000000066105 4500000
596 0.009240499999997098 6393888
719 0.015355199999994795 9305298
868 0.028716600000002757 13561632
1048 0.04541720000000282 19769472
1264 0.07721629999999635 28758528
1526 0.12898160000000303 41916168
1842 0.24896580000000057 61073352
2222 0.42395639999999446 88871112
2682 0.7646798000000032 129476232
3237 1.3246990000000025 188607042
3906 2.321011199999994 274623048
