1 0.016744400000000326 18
2 4.899999999707916e-05 72
3 7.799999998781004e-06 162
4 5.899999997893701e-06 288
5 5.7999999967250915e-06 450
6 5.700000002661909e-06 648
7 5.400000006261507e-06 882
9 6.899999995368944e-06 1458
11 5.7999999967250915e-06 2178
13 6.2000000013995304e-06 3042
16 7.799999998781004e-06 4608
20 8.600000001024455e-06 7200
24 1.740000000438613e-05 10368
29 1.9600000001673834e-05 15138
35 3.6399999999048305e-05 22050
42 5.449999999740385e-05 31752
51 5.419999999389802e-05 46818
62 0.0002101999999979398 69192
75 0.00043099999999896 101250
100 0.0001924000000030901 180000
190 0.001268800000005399 649800
200 0.0011130000000036944 720000
240 0.0016804999999990855 1036800
330 0.0038410000000013156 1960200
360 0.003990099999995778 2332800
400 0.007021700000002795 2880000
490 0.00972579999999823 4321800
500 0.007948300000002462 4500000
596 0.01816300000000126 6393888
719 0.0262359000000032 9305298
868 0.04041190000000228 13561632
1048 0.06770610000000232 19769472
1264 0.08961980000000125 28758528
1526 0.14099070000000324 41916168
1842 0.2623706999999982 61073352
2222 0.4577261999999962 88871112
2682 0.7876386000000011 129476232
3237 1.461611099999999 188607042
3906 2.6292800000000014 274623048
