1 0.01312820000000059 18
2 2.3999999999801958e-05 72
3 6.899999998921658e-06 162
4 6.2000000013995304e-06 288
5 6.2000000013995304e-06 450
6 5.999999999062311e-06 648
7 6.2000000013995304e-06 882
9 7.300000000043383e-06 1458
11 6.500000001352646e-06 2178
13 7.300000000043383e-06 3042
16 7.899999999949614e-06 4608
20 9.200000000930686e-06 7200
24 1.6599999998589965e-05 10368
29 1.6499999997421355e-05 15138
35 3.1700000000967066e-05 22050
42 3.0299999998817384e-05 31752
51 3.6299999997879695e-05 46818
62 5.209999999777892e-05 69192
75 0.00014459999999871798 101250
100 0.0002383000000030222 180000
190 0.0008444999999994707 649800
200 0.0008800000000022123 720000
240 0.0017253999999979897 1036800
330 0.0035424000000006117 1960200
360 0.004274500000001069 2332800
400 0.004977199999999016 2880000
490 0.008148599999998396 4321800
500 0.010358300000000042 4500000
596 0.010387599999997832 6393888
719 0.01731349999999665 9305298
868 0.02844040000000092 13561632
1048 0.04591560000000072 19769472
1264 0.07744690000000176 28758528
1526 0.13444959999999995 41916168
1842 0.24561299999999875 61073352
2222 0.47696380000000005 88871112
2682 0.7533007000000005 129476232
3237 1.3506260000000019 188607042
3906 2.2292384 274623048
