1 3.3300000000013874e-05 18
2 6.070000000002462e-05 72
3 6.699999999915107e-06 162
4 5.699999999997374e-06 288
5 5.999999999950489e-06 450
6 1.3299999999993872e-05 648
7 7.699999999943863e-06 882
9 1.3399999999941237e-05 1458
11 9.199999999931485e-06 2178
13 6.999999999979245e-06 3042
16 1.1899999999953614e-05 4608
20 1.0200000000071263e-05 7200
24 2.7299999999952362e-05 10368
29 1.5799999999899228e-05 15138
35 2.5300000000005873e-05 22050
42 2.979999999996874e-05 31752
51 4.5699999999926355e-05 46818
62 6.300000000003525e-05 69192
75 0.00024279999999998747 101250
100 0.0004609999999999337 180000
190 0.001539500000000027 649800
200 0.000776300000000063 720000
240 0.001483800000000035 1036800
330 0.0030162000000000244 1960200
360 0.0033448000000000366 2332800
400 0.003393399999999991 2880000
490 0.00820909999999997 4321800
500 0.006538099999999991 4500000
596 0.010147499999999976 6393888
719 0.01616519999999999 9305298
868 0.026583499999999982 13561632
1048 0.048042599999999935 19769472
1264 0.08081119999999997 28758528
1526 0.13173250000000003 41916168
1842 0.22255269999999983 61073352
2222 0.3584841000000001 88871112
2682 0.6043813999999998 129476232
3237 1.045643 188607042
3906 1.7587977000000006 274623048
