1 0.014071399999998846 18
2 2.960000000484797e-05 72
3 5.900000004999129e-06 162
4 5.7999999967250915e-06 288
5 5.39999999915608e-06 450
6 5.600000001493299e-06 648
7 5.200000003924288e-06 882
9 6.8000000013057615e-06 1458
11 5.999999999062311e-06 2178
13 6.100000000230921e-06 3042
16 7.799999998781004e-06 4608
20 8.499999999855845e-06 7200
24 1.639999999980546e-05 10368
29 1.5099999998824387e-05 15138
35 8.539999999612746e-05 22050
42 3.369999999591755e-05 31752
51 4.510000000124137e-05 46818
62 6.400000000184036e-05 69192
75 0.00036500000000216914 101250
100 0.0003663000000031502 180000
190 0.0006848999999959915 649800
200 0.0007504000000011501 720000
240 0.0011779000000018414 1036800
330 0.003600800000000959 1960200
360 0.004927999999999599 2332800
400 0.005121699999996565 2880000
490 0.007330899999999474 4321800
500 0.008060499999999138 4500000
596 0.011699499999998864 6393888
719 0.018683000000002892 9305298
868 0.028770600000001423 13561632
1048 0.049605200000002014 19769472
1264 0.07950970000000268 28758528
1526 0.1463122000000041 41916168
1842 0.25110719999999986 61073352
2222 0.4544692999999995 88871112
2682 0.9319597000000002 129476232
3237 1.5734031999999942 188607042
3906 2.467240700000005 274623048
