1 0.013530400000000498 18
2 2.3800000001017452e-05 72
3 7.000000000090267e-06 162
4 6.8000000013057615e-06 288
5 6.500000001352646e-06 450
6 6.400000000184036e-06 648
7 6.700000000137152e-06 882
9 7.399999997659279e-06 1458
11 9.599999998499698e-06 2178
13 8.999999998593466e-06 3042
16 9.900000002005527e-06 4608
20 1.2200000000461841e-05 7200
24 2.179999999896154e-05 10368
29 2.1000000000270802e-05 15138
35 3.9699999998532576e-05 22050
42 3.8199999998767e-05 31752
51 4.219999999932611e-05 46818
62 5.810000000039395e-05 69192
75 0.0001335000000004527 101250
100 0.00017440000000235045 180000
190 0.000695799999999025 649800
200 0.0007761999999971181 720000
240 0.001170999999999367 1036800
330 0.0031148000000023046 1960200
360 0.003358899999998499 2332800
400 0.003903699999998622 2880000
490 0.00578259999999986 4321800
500 0.007399899999999349 4500000
596 0.01216309999999865 6393888
719 0.017242899999999395 9305298
868 0.029391199999999174 13561632
1048 0.04528550000000209 19769472
1264 0.07163639999999916 28758528
1526 0.12555539999999965 41916168
1842 0.23804720000000046 61073352
2222 0.4188514999999988 88871112
2682 0.7326565000000009 129476232
3237 1.3048176999999974 188607042
3906 2.2761442999999986 274623048
