1 0.015191200000000293 18
2 2.47000000008768e-05 72
3 5.899999997893701e-06 162
4 5.50000000032469e-06 288
5 5.499999996771976e-06 450
6 5.099999999202964e-06 648
7 5.39999999915608e-06 882
9 6.30000000256814e-06 1458
11 6.100000000230921e-06 2178
13 6.400000000184036e-06 3042
16 7.399999997659279e-06 4608
20 8.30000000107134e-06 7200
24 1.3700000000227419e-05 10368
29 1.5700000002283332e-05 15138
35 2.789999999919246e-05 22050
42 2.9600000001295257e-05 31752
51 3.439999999699239e-05 46818
62 6.859999999875299e-05 69192
75 0.00022919999999970742 101250
100 0.0010308000000023299 180000
190 0.0009508999999994217 649800
200 0.0008563999999999794 720000
240 0.0021881999999990853 1036800
330 0.0029055000000006714 1960200
360 0.004628699999997821 2332800
400 0.004925100000001237 2880000
490 0.0076286000000003185 4321800
500 0.009923100000001739 4500000
596 0.016320299999996735 6393888
719 0.03130270000000124 9305298
868 0.03307279999999935 13561632
1048 0.05780120000000011 19769472
1264 0.08740769999999998 28758528
1526 0.14196600000000004 41916168
1842 0.22659699999999816 61073352
2222 0.4570924000000005 88871112
2682 0.8935493000000001 129476232
3237 1.4570030000000003 188607042
3906 2.364486499999998 274623048
