1 0.01285649999999805 18
2 2.289999999760539e-05 72
3 7.000000003642981e-06 162
4 6.100000000230921e-06 288
5 6.30000000256814e-06 450
6 5.899999997893701e-06 648
7 6.100000000230921e-06 882
9 8.100000002286833e-06 1458
11 6.8000000013057615e-06 2178
13 7.500000002380602e-06 3042
16 8.400000005792663e-06 4608
20 6.999999996537554e-06 7200
24 1.3000000002705292e-05 10368
29 1.639999999980546e-05 15138
35 2.840000000503551e-05 22050
42 2.5399999998398926e-05 31752
51 2.9599999997742543e-05 46818
62 5.210000000488435e-05 69192
75 0.00015709999999558022 101250
100 0.00017659999999608544 180000
190 0.0007246999999992454 649800
200 0.0007866999999990298 720000
240 0.0016268999999979883 1036800
330 0.002708000000005484 1960200
360 0.0027758000000019933 2332800
400 0.004996500000004289 2880000
490 0.00596970000000141 4321800
500 0.006481600000000753 4500000
596 0.011305700000001195 6393888
719 0.018434100000000342 9305298
868 0.028791900000001647 13561632
1048 0.04608580000000018 19769472
1264 0.10161349999999914 28758528
1526 0.15749689999999816 41916168
1842 0.25464219999999926 61073352
2222 0.4762601999999987 88871112
2682 0.827668899999999 129476232
3237 1.4742528000000021 188607042
3906 2.3508289000000033 274623048
