1 3.0299999999927607e-05 18
2 4.199999999998649e-05 72
3 5.8000000000557606e-06 162
4 5.199999999927485e-06 288
5 5.400000000044258e-06 450
6 4.400000000015503e-06 648
7 5.600000000050009e-06 882
9 8.799999999919983e-06 1458
11 5.699999999997374e-06 2178
13 5.799999999944738e-06 3042
16 6.7000000000261295e-06 4608
20 6.800000000084516e-06 7200
24 2.0400000000031504e-05 10368
29 1.3200000000046508e-05 15138
35 1.7000000000044757e-05 22050
42 2.4399999999924482e-05 31752
51 4.3499999999974115e-05 46818
62 4.4200000000049755e-05 69192
75 0.0002493999999999552 101250
100 0.00021450000000000635 180000
190 0.0007869000000000348 649800
200 0.000709900000000041 720000
240 0.0017994000000000065 1036800
330 0.00287740000000003 1960200
360 0.003296099999999913 2332800
400 0.008810399999999996 2880000
490 0.00604070000000001 4321800
500 0.006376700000000013 4500000
596 0.009812900000000013 6393888
719 0.014913499999999913 9305298
868 0.03108270000000002 13561632
1048 0.0484789000000001 19769472
1264 0.07808860000000006 28758528
1526 0.19352839999999993 41916168
1842 0.24845359999999994 61073352
2222 0.41932130000000023 88871112
2682 0.7076646000000002 129476232
3237 1.1607516000000002 188607042
3906 1.8854422 274623048
