1 0.013468800000001835 18
2 3.200000000092018e-05 72
3 5.899999997893701e-06 162
4 6.2999999990154265e-06 288
5 7.500000002380602e-06 450
6 5.300000001540184e-06 648
7 5.50000000032469e-06 882
9 7.899999999949614e-06 1458
11 5.300000001540184e-06 2178
13 6.600000002521256e-06 3042
16 6.500000001352646e-06 4608
20 7.400000001211993e-06 7200
24 1.2800000000368073e-05 10368
29 1.4800000002423985e-05 15138
35 2.800000000036107e-05 22050
42 2.47000000008768e-05 31752
51 2.8400000001482795e-05 46818
62 5.110000000030368e-05 69192
75 0.00015580000000170457 101250
100 0.0002099999999991553 180000
190 0.0007243999999992923 649800
200 0.0008737999999972601 720000
240 0.001431700000001257 1036800
330 0.0025504999999981237 1960200
360 0.0033904999999982977 2332800
400 0.003928800000000621 2880000
490 0.006448999999999927 4321800
500 0.006506999999999152 4500000
596 0.010536999999999352 6393888
719 0.01805620000000019 9305298
868 0.026652600000002025 13561632
1048 0.04708610000000135 19769472
1264 0.0720667000000006 28758528
1526 0.12302130000000133 41916168
1842 0.22395550000000242 61073352
2222 0.42705199999999977 88871112
2682 0.7795670999999977 129476232
3237 1.3462601999999997 188607042
3906 2.4960793999999993 274623048
