1 0.013157800000001885 18
2 2.260000000120499e-05 72
3 6.40000000373675e-06 162
4 7.000000003642981e-06 288
5 6.299999995462713e-06 450
6 5.50000000032469e-06 648
7 5.900000004999129e-06 882
9 8.100000002286833e-06 1458
11 6.8000000013057615e-06 2178
13 7.000000003642981e-06 3042
16 7.500000002380602e-06 4608
20 8.900000004530284e-06 7200
24 1.71000000008803e-05 10368
29 1.9500000000505224e-05 15138
35 3.480000000166683e-05 22050
42 3.600000000147929e-05 31752
51 3.6800000003722744e-05 46818
62 6.780000000361497e-05 69192
75 0.00017249999999791044 101250
100 0.0002806999999975801 180000
190 0.0006933999999958473 649800
200 0.0007444000000020878 720000
240 0.0013891000000043618 1036800
330 0.002960000000001628 1960200
360 0.003633800000002907 2332800
400 0.003823699999998098 2880000
490 0.006274999999995146 4321800
500 0.007540300000002276 4500000
596 0.010295899999995584 6393888
719 0.01744990000000257 9305298
868 0.026534099999999228 13561632
1048 0.04468209999999573 19769472
1264 0.07439459999999798 28758528
1526 0.13134879999999782 41916168
1842 0.24188600000000093 61073352
2222 0.4771956000000017 88871112
2682 0.8224536000000029 129476232
3237 1.4003980999999968 188607042
3906 2.397842400000002 274623048
