1 0.012326999999999089 18
2 4.659999999745423e-05 72
3 7.699999997612395e-06 162
4 6.600000002521256e-06 288
5 6.400000000184036e-06 450
6 6.099999996678207e-06 648
7 6.499999997799932e-06 882
9 7.699999997612395e-06 1458
11 6.799999997753048e-06 2178
13 7.799999998781004e-06 3042
16 8.100000002286833e-06 4608
20 8.999999998593466e-06 7200
24 1.51000000023771e-05 10368
29 1.8499999999477268e-05 15138
35 3.25999999972737e-05 22050
42 5.3600000001097214e-05 31752
51 3.8399999997551504e-05 46818
62 7.019999999968718e-05 69192
75 0.0004276999999994757 101250
100 0.00023900000000054433 180000
190 0.0007523000000020375 649800
200 0.0007812999999998738 720000
240 0.0015176999999972907 1036800
330 0.0025002999999976794 1960200
360 0.003584999999997507 2332800
400 0.004231300000000715 2880000
490 0.006936699999997131 4321800
500 0.006120799999997928 4500000
596 0.0108397999999994 6393888
719 0.019983999999997337 9305298
868 0.02711169999999896 13561632
1048 0.047905200000002424 19769472
1264 0.07714640000000017 28758528
1526 0.1305090999999976 41916168
1842 0.24111569999999816 61073352
2222 0.4446064000000014 88871112
2682 0.7812249999999992 129476232
3237 1.3243627000000018 188607042
3906 2.3657429000000008 274623048
