1 0.012831099999999651 18
2 2.089999999999037e-05 72
3 6.999999999202089e-06 162
4 5.199999999483396e-06 288
5 4.999999999810711e-06 450
6 4.799999999249849e-06 648
7 4.89999999953028e-06 882
9 6.700000000137152e-06 1458
11 5.400000000044258e-06 2178
13 5.999999999950489e-06 3042
16 6.600000000744899e-06 4608
20 7.300000000043383e-06 7200
24 1.2800000000368073e-05 10368
29 1.5699999999618797e-05 15138
35 1.600000000046009e-05 22050
42 2.739999999956666e-05 31752
51 3.0500000000266425e-05 46818
62 5.3100000000583236e-05 69192
75 0.00014780000000058635 101250
100 0.00022199999999994446 180000
190 0.000916800000000606 649800
200 0.0012359000000001785 720000
240 0.00155789999999989 1036800
330 0.0037453999999996768 1960200
360 0.002720899999999915 2332800
400 0.003903299999999277 2880000
490 0.006177799999999678 4321800
500 0.007416400000000323 4500000
596 0.010660800000000137 6393888
719 0.017484200000000172 9305298
868 0.0329221000000004 13561632
1048 0.046291500000000596 19769472
1264 0.07543569999999988 28758528
1526 0.11980669999999982 41916168
1842 0.19979099999999939 61073352
2222 0.36485589999999934 88871112
2682 0.5669550999999995 129476232
3237 1.1143681 188607042
3906 2.0095118999999997 274623048
