1 0.013080300000000378 18
2 2.519999999961442e-05 72
3 8.599999999248098e-06 162
4 7.5999999999964984e-06 288
5 7.699999999388751e-06 450
6 7.399999999435636e-06 648
7 7.20000000065113e-06 882
9 9.099999999762076e-06 1458
11 8.400000000463592e-06 2178
13 8.79999999980896e-06 3042
16 9.800000000836917e-06 4608
20 1.1399999999994748e-05 7200
24 1.940000000111297e-05 10368
29 2.2200000000083264e-05 15138
35 4.290000000040095e-05 22050
42 3.8099999999374745e-05 31752
51 4.3599999999699435e-05 46818
62 7.130000000010739e-05 69192
75 0.0001250999999999891 101250
100 0.00017309999999959302 180000
190 0.0007658999999993199 649800
200 0.000873099999999738 720000
240 0.0016748999999993686 1036800
330 0.0033292999999989803 1960200
360 0.0027772999999999826 2332800
400 0.004317699999999647 2880000
490 0.006496500000000793 4321800
500 0.007706599999998787 4500000
596 0.00994839999999897 6393888
719 0.016547700000000276 9305298
868 0.027663699999999736 13561632
1048 0.046919899999998904 19769472
1264 0.07326950000000032 28758528
1526 0.11501580000000011 41916168
1842 0.2069970000000012 61073352
2222 0.3456457000000004 88871112
2682 0.6458437999999997 129476232
3237 1.1883701000000002 188607042
3906 2.2401508999999997 274623048
