1 0.013490400000002012 18
2 3.1399999997461236e-05 72
3 9.699999999668307e-06 162
4 8.199999996350016e-06 288
5 8.199999996350016e-06 450
6 7.700000004717822e-06 648
7 8.100000002286833e-06 882
9 9.699999999668307e-06 1458
11 8.900000004530284e-06 2178
13 9.8999999949001e-06 3042
16 1.079999999831216e-05 4608
20 1.190000000406144e-05 7200
24 1.9699999995737016e-05 10368
29 3.0099999996480165e-05 15138
35 4.349999999675447e-05 22050
42 3.530000000040445e-05 31752
51 4.129999999946676e-05 46818
62 8.700000000061436e-05 69192
75 0.00014600000000086766 101250
100 0.00017609999999734782 180000
190 0.0006747999999987542 649800
200 0.0008024999999989291 720000
240 0.0014300000000062596 1036800
330 0.00272019999999884 1960200
360 0.0034913999999943712 2332800
400 0.003783099999999706 2880000
490 0.008090500000001555 4321800
500 0.0065285000000017135 4500000
596 0.009896100000005958 6393888
719 0.01781090000000063 9305298
868 0.0301329999999993 13561632
1048 0.04825370000000362 19769472
1264 0.07525030000000044 28758528
1526 0.13198810000000094 41916168
1842 0.24645280000000014 61073352
2222 0.4269644000000028 88871112
2682 0.7645982000000018 129476232
3237 1.3308813000000015 188607042
3906 2.441823900000003 274623048
