1 0.011382199999999898 18
2 1.9399999999336615e-05 72
3 5.600000001493299e-06 162
4 5.29999999798747e-06 288
5 4.9000000004184585e-06 450
6 5.000000001587068e-06 648
7 6.999999996537554e-06 882
9 7.099999997706163e-06 1458
11 5.50000000032469e-06 2178
13 5.800000003830519e-06 3042
16 6.2000000013995304e-06 4608
20 7.300000000043383e-06 7200
24 1.4800000002423985e-05 10368
29 1.4800000002423985e-05 15138
35 3.0899999998723615e-05 22050
42 2.4299999999755073e-05 31752
51 2.9499999996573933e-05 46818
62 5.050000000039745e-05 69192
75 0.00014610000000203627 101250
100 0.00017970000000389064 180000
190 0.0008709000000024503 649800
200 0.0008815999999995938 720000
240 0.0018549999999990519 1036800
330 0.0033269999999987476 1960200
360 0.00350859999999642 2332800
400 0.003943900000002998 2880000
490 0.006163499999999544 4321800
500 0.008566999999999325 4500000
596 0.010923099999999408 6393888
719 0.018655199999997762 9305298
868 0.026206500000000688 13561632
1048 0.044306399999996415 19769472
1264 0.07452189999999348 28758528
1526 0.13292630000000116 41916168
1842 0.2720245999999946 61073352
2222 0.4370435000000015 88871112
2682 0.7922306000000034 129476232
3237 1.3823220999999961 188607042
3906 2.5011753 274623048
