1 0.004542999999998187 16
2 0.00011999999999900979 64
3 3.069999999993911e-05 144
4 3.549999999918896e-05 256
5 3.05999999987705e-05 400
6 2.8799999999051806e-05 576
7 2.880000000260452e-05 784
9 3.0799999997555005e-05 1296
11 3.080000000110772e-05 1936
13 3.2999999998395424e-05 2704
16 5.270000000123787e-05 4096
20 0.00016559999999898878 6400
24 0.00017339999999776978 9216
29 0.00019550000000023715 13456
35 0.0003244000000002245 19600
42 0.00041040000000336363 28224
51 0.0009295999999991977 41616
62 0.0008178999999977066 61504
75 0.0019028999999974872 90000
100 0.003964499999998594 160000
190 0.003984800000001343 577600
200 0.004356599999997712 640000
240 0.005662300000000897 921600
330 0.009640799999999672 1742400
360 0.016808000000001044 2073600
400 0.022980699999997967 2560000
490 0.01361440000000158 3841600
500 0.01466130000000021 4000000
540 0.0163373 4665600
596 0.028190399999999727 5683456
719 0.0432539000000034 8271376
868 0.041046599999997824 12054784
900 0.05093079999999972 12960000
1048 0.06771879999999797 17572864
1264 0.10640799999999828 25563136
1526 0.18373499999999865 37258816
1842 0.3390406999999982 54287424
2222 0.6373651999999979 78996544
2500 0.8813491000000013 100000000
