1 0.006339599999999557 16
2 0.0001290000000002678 64
3 4.000000000026205e-05 144
4 7.719999999977745e-05 256
5 4.010000000054248e-05 400
6 3.8700000000169155e-05 576
7 3.91000000004027e-05 784
9 4.0900000000121395e-05 1296
11 4.160000000030806e-05 1936
13 6.259999999969068e-05 2704
16 8.25999999998217e-05 4096
20 0.00014310000000072876 6400
24 0.00017789999999973105 9216
29 0.00023870000000059122 13456
35 0.0003029000000003279 19600
42 0.000533899999999754 28224
51 0.0005299000000000831 41616
62 0.0009277000000000868 61504
75 0.0013239000000000445 90000
100 0.0017915999999997823 160000
190 0.004468600000000045 577600
200 0.004214199999999835 640000
240 0.007548400000000122 921600
330 0.009086100000000208 1742400
360 0.00952350000000024 2073600
400 0.01051710000000039 2560000
490 0.02403680000000019 3841600
500 0.016772000000000453 4000000
540 0.017549100000000095 4665600
596 0.019234400000000207 5683456
719 0.029775200000000446 8271376
868 0.04245119999999947 12054784
900 0.045613600000000254 12960000
1048 0.06568459999999998 17572864
1264 0.10655239999999999 25563136
1526 0.17939970000000027 37258816
1842 0.29216079999999955 54287424
2222 0.5297730000000005 78996544
2500 0.750197 100000000
