1 0.00020929999999996785 16
2 5.849999999996136e-05 64
3 3.540000000001875e-05 144
4 2.8799999999939985e-05 256
5 2.6999999999999247e-05 400
6 5.0200000000000244e-05 576
7 2.90999999998931e-05 784
9 4.490000000001437e-05 1296
11 3.5200000000013e-05 1936
13 3.0799999999997496e-05 2704
16 7.039999999991498e-05 4096
20 0.00021219999999999573 6400
24 0.00015049999999994235 9216
29 0.0003032999999998953 13456
35 0.0004170000000000007 19600
42 0.0005530999999999731 28224
51 0.0005570999999999771 41616
62 0.0008364999999999068 61504
75 0.0016395999999999633 90000
100 0.001769400000000032 160000
190 0.0036791999999999936 577600
200 0.003616899999999923 640000
240 0.005215100000000028 921600
330 0.008054999999999923 1742400
360 0.008842899999999987 2073600
400 0.011209300000000089 2560000
490 0.014276999999999984 3841600
500 0.013063999999999965 4000000
540 0.022496399999999972 4665600
596 0.03222130000000001 5683456
719 0.037620100000000045 8271376
868 0.050991999999999926 12054784
900 0.06058819999999998 12960000
1048 0.07584560000000007 17572864
1264 0.10378799999999999 25563136
1526 0.18529799999999996 37258816
1842 0.28482110000000005 54287424
2222 0.46342450000000013 78996544
2500 0.6874201000000002 100000000
