1 0.005028899999999226 16
2 0.00013679999999993697 64
3 3.0999999999892225e-05 144
4 3.189999999975157e-05 256
5 2.9699999998911153e-05 400
6 2.8699999999659553e-05 576
7 2.970000000068751e-05 784
9 3.200000000092018e-05 1296
11 3.180000000035932e-05 1936
13 3.350000000068576e-05 2704
16 4.9599999998761746e-05 4096
20 0.00017919999999982394 6400
24 0.00026809999999954925 9216
29 0.000468800000000158 13456
35 0.0003823000000000576 19600
42 0.0006462000000002632 28224
51 0.0007424000000000319 41616
62 0.0008949999999998681 61504
75 0.0015817000000009074 90000
100 0.00222459999999991 160000
190 0.0038698999999997596 577600
200 0.004625600000000674 640000
240 0.005230000000000956 921600
330 0.009238599999999764 1742400
360 0.010840500000000475 2073600
400 0.011725399999999553 2560000
490 0.017830400000001134 3841600
500 0.01610780000000034 4000000
540 0.018148700000001128 4665600
596 0.019017500000000354 5683456
719 0.028170499999999876 8271376
868 0.04702910000000138 12054784
900 0.0680398000000011 12960000
1048 0.10263100000000058 17572864
1264 0.13327510000000053 25563136
1526 0.18637310000000085 37258816
1842 0.3206951999999994 54287424
2222 0.6049176000000003 78996544
2500 0.8667299000000028 100000000
