1 0.004935900000000437 16
2 0.00012909999999966004 64
3 3.419999999998424e-05 144
4 3.170000000007889e-05 256
5 2.9500000000126647e-05 400
6 2.8800000000828163e-05 576
7 3.639999999993648e-05 784
9 3.080000000021954e-05 1296
11 3.119999999956491e-05 1936
13 3.349999999979758e-05 2704
16 4.939999999997724e-05 4096
20 0.00017380000000066786 6400
24 0.00020020000000009475 9216
29 0.00032109999999985206 13456
35 0.00037350000000024863 19600
42 0.0010859999999999204 28224
51 0.0006013999999998632 41616
62 0.0008705999999998326 61504
75 0.001439500000000038 90000
100 0.0018760000000002108 160000
190 0.0042731999999992 577600
200 0.00433979999999945 640000
240 0.005512600000000312 921600
330 0.009827200000000147 1742400
360 0.009653399999999479 2073600
400 0.018799800000000033 2560000
490 0.017494700000000307 3841600
500 0.01557540000000035 4000000
540 0.02642629999999979 4665600
596 0.020043699999999554 5683456
719 0.02841529999999981 8271376
868 0.053422099999999695 12054784
900 0.049267000000000394 12960000
1048 0.06423489999999976 17572864
1264 0.11195369999999993 25563136
1526 0.17666559999999976 37258816
1842 0.2895589999999988 54287424
2222 0.5394737000000003 78996544
2500 0.7970468000000004 100000000
