1 0.004471000000000114 16
2 0.00011870000000024916 64
3 3.0399999999985994e-05 144
4 3.140000000012577e-05 256
5 2.8200000000033754e-05 400
6 2.8400000000150527e-05 576
7 2.8799999999939985e-05 784
9 3.290000000033544e-05 1296
11 3.069999999993911e-05 1936
13 3.240000000026555e-05 2704
16 4.9100000000024124e-05 4096
20 0.00024269999999981806 6400
24 0.0002594000000000207 9216
29 0.0003617999999998567 13456
35 0.0003557999999999062 19600
42 0.0004390000000000782 28224
51 0.0005951999999997959 41616
62 0.0008491999999997724 61504
75 0.0015404000000001083 90000
100 0.0019655000000002865 160000
190 0.004231600000000224 577600
200 0.0041547000000004 640000
240 0.0053399999999999 921600
330 0.009518100000000196 1742400
360 0.016741399999999906 2073600
400 0.010824200000000062 2560000
490 0.025013400000000185 3841600
500 0.01594239999999969 4000000
540 0.016931699999999772 4665600
596 0.02730950000000032 5683456
719 0.034431999999999796 8271376
868 0.043384499999999715 12054784
900 0.048235499999999654 12960000
1048 0.06777999999999995 17572864
1264 0.1077252999999998 25563136
1526 0.1791201 37258816
1842 0.2885704999999996 54287424
2222 0.5021827999999999 78996544
2500 0.7297716999999997 100000000
