1 0.006222100000000452 16
2 0.0006877000000002909 64
3 5.4099999999834836e-05 144
4 4.290000000040095e-05 256
5 4.080000000072914e-05 400
6 3.959999999914032e-05 576
7 4.00999999996543e-05 784
9 4.229999999871836e-05 1296
11 4.5400000001194485e-05 1936
13 4.749999999908994e-05 2704
16 6.479999999875474e-05 4096
20 0.00015310000000035018 6400
24 0.00016250000000006537 9216
29 0.00027550000000076125 13456
35 0.0004298000000009239 19600
42 0.000517099999999715 28224
51 0.0007245999999998531 41616
62 0.0008449999999999847 61504
75 0.0014713000000003973 90000
100 0.001761699999999422 160000
190 0.004143799999999587 577600
200 0.004402599999998813 640000
240 0.005725199999998765 921600
330 0.01172109999999904 1742400
360 0.00916169999999994 2073600
400 0.011304499999999607 2560000
490 0.014829900000000507 3841600
500 0.015155299999999983 4000000
540 0.017275800000000174 4665600
596 0.0216428999999998 5683456
719 0.0316465000000008 8271376
868 0.04325140000000083 12054784
900 0.04838209999999954 12960000
1048 0.06778630000000163 17572864
1264 0.11073799999999956 25563136
1526 0.17908309999999972 37258816
1842 0.3731895999999999 54287424
2222 0.5596492000000008 78996544
2500 0.8274811 100000000
