1 0.006440200000000118 16
2 0.00017610000000090054 64
3 5.040000000278155e-05 144
4 5.170000000020991e-05 256
5 4.949999999936949e-05 400
6 4.7899999998435305e-05 576
7 4.8800000001847366e-05 784
9 5.099999999913507e-05 1296
11 5.200000000016303e-05 1936
13 5.660000000062837e-05 2704
16 8.240000000014902e-05 4096
20 0.00017019999999945412 6400
24 0.00020890000000051145 9216
29 0.0002512000000010062 13456
35 0.00036530000000212226 19600
42 0.00048350000000141335 28224
51 0.0005948000000017828 41616
62 0.0007967999999998199 61504
75 0.0014916999999989855 90000
100 0.001739700000001676 160000
190 0.0042031000000015695 577600
200 0.005265400000002529 640000
240 0.005280799999997754 921600
330 0.010146300000002384 1742400
360 0.012054000000002674 2073600
400 0.011946000000001789 2560000
490 0.017245499999997804 3841600
500 0.021043800000001056 4000000
540 0.018808899999999795 4665600
596 0.029158100000000076 5683456
719 0.03867740000000097 8271376
868 0.0563260000000021 12054784
900 0.06289250000000024 12960000
1048 0.07387100000000046 17572864
1264 0.1172639999999987 25563136
1526 0.18240100000000226 37258816
1842 0.35432790000000125 54287424
2222 0.6113354999999991 78996544
2500 0.864627800000001 100000000
