1 0.004556300000000846 16
2 0.00012690000000148416 64
3 3.030000000059374e-05 144
4 3.120000000045309e-05 256
5 2.920000000017353e-05 400
6 2.8099999999753322e-05 576
7 2.9099999999004922e-05 784
9 3.0299999998817384e-05 1296
11 3.0600000000546856e-05 1936
13 3.23000000008733e-05 2704
16 4.880000000007101e-05 4096
20 0.0001747000000005272 6400
24 0.0002615000000005807 9216
29 0.0003658000000008599 13456
35 0.0022210000000004726 19600
42 0.0004892999999999148 28224
51 0.0006412999999998448 41616
62 0.000805899999999582 61504
75 0.0013866999999994079 90000
100 0.0018849000000003002 160000
190 0.004149299999999911 577600
200 0.003878799999998961 640000
240 0.0052912000000002735 921600
330 0.009377899999998718 1742400
360 0.011846699999999544 2073600
400 0.01804629999999996 2560000
490 0.019148500000000013 3841600
500 0.016037700000000044 4000000
540 0.032806800000001246 4665600
596 0.01937980000000117 5683456
719 0.03451559999999887 8271376
868 0.045260799999999435 12054784
900 0.04808469999999865 12960000
1048 0.06630670000000016 17572864
1264 0.1438877999999999 25563136
1526 0.17661740000000137 37258816
1842 0.3105691000000004 54287424
2222 0.5940749000000007 78996544
2500 0.8395144999999999 100000000
