1 0.006719799999999054 16
2 0.00014350000000007412 64
3 4.96000000005381e-05 144
4 5.1199999997919576e-05 256
5 4.889999999946326e-05 400
6 4.819999999838842e-05 576
7 4.8499999998341536e-05 784
9 5.999999999772854e-05 1296
11 5.179999999782581e-05 1936
13 5.4200000001003446e-05 2704
16 8.320000000239247e-05 4096
20 0.00016699999999758575 6400
24 0.0001563000000004422 9216
29 0.00024469999999965353 13456
35 0.0003570999999986668 19600
42 0.00043009999999910065 28224
51 0.0005713999999983344 41616
62 0.0008065000000030409 61504
75 0.0015676000000013346 90000
100 0.0018735999999996977 160000
190 0.004244599999999821 577600
200 0.004190900000001108 640000
240 0.006833799999999002 921600
330 0.012382800000001026 1742400
360 0.015177200000000113 2073600
400 0.010955100000000328 2560000
490 0.01492460000000051 3841600
500 0.014798700000000053 4000000
540 0.015758800000000406 4665600
596 0.021220400000000694 5683456
719 0.027055500000003008 8271376
868 0.04301309999999958 12054784
900 0.04819379999999995 12960000
1048 0.06611640000000207 17572864
1264 0.10831939999999918 25563136
1526 0.18399929999999998 37258816
1842 0.3275619999999968 54287424
2222 0.6253802000000022 78996544
2500 0.9191611000000002 100000000
