2 0.0006609000000000198 0.0002183000000000046
5 0.0006883000000000306 0.00015459999999994922
10 0.0007676999999999823 0.00015999999999999348
16 0.0009994999999999865 0.00016460000000001473
32 0.0015949000000000102 0.0001603000000000021
60 0.0021405999999999925 0.00011739999999998973
130 0.005940800000000024 0.00012459999999997473
260 0.017604200000000014 0.00021559999999998247
550 0.07871589999999995 0.0003882000000000607
1050 0.2583234 0.0009632000000001639
2100 1.0086982999999998 0.0033066000000001594
4100 3.806166900000001 0.011656799999999023
4500 4.641480599999998 0.014121800000001627
