2 0.0004908999999884145 0.00017740000001253975
5 0.0005164000000092983 0.0001226999999914824
10 0.0005689000000188571 0.00010810000000560649
16 0.0006585999999799697 9.880000001771805e-05
32 0.0011723000000074535 0.0001283999999941443
60 0.00228620000001456 0.0001278000000013435
130 0.007063100000010536 0.00012319999999022002
260 0.019578800000005003 0.00024140000002148554
550 0.07698720000001913 0.0004075999999884061
1050 0.25917470000001686 0.0009466999999858672
2100 1.1025390000000073 0.0033652999999844724
4100 4.066484500000001 0.011870799999996962
4500 5.394466099999988 0.024384700000013027
