2 0.0008153999999933603 0.00020680000000083965
5 0.0007301999999924647 0.00014360000000124273
10 0.0007430999999940013 0.00014199999999675583
16 0.0008815000000055306 0.00014020000000414257
32 0.0019739999999899283 0.0001617000000067037
60 0.003048900000010235 0.00015769999998838102
130 0.007261200000002077 0.0001299999999986312
260 0.017358400000006213 0.00021220000000710115
550 0.07354709999999898 0.00038800000000094315
1050 0.2710182999999944 0.0009500999999971782
2100 1.0926641999999873 0.0032998000000077354
4100 3.997788999999983 0.011831099999994876
4500 4.614491799999996 0.014048999999999978
