2 0.0007231999999817162 0.00019729999999640313
5 0.0007339000000001761 0.0001622999999995045
10 0.0007606000000066615 0.000183999999990192
16 0.0010597000000132084 0.00015750000000025466
32 0.0017671000000234471 0.00012089999998465828
60 0.002294299999988425 0.0001477000000136286
130 0.006183899999996356 0.00013400000000274304
260 0.019101100000000315 0.0002416000000096119
550 0.07863439999999855 0.0004296000000181266
1050 0.2554286000000161 0.0009461999999871296
2100 1.0767577000000017 0.003329699999994773
4100 4.095336900000007 0.011794899999983954
4500 4.818861300000009 0.014071999999998752
