2 0.0007522000000079743 0.00014840000000049258
5 0.0004829999999884649 0.0001138000000082684
10 0.0005545000000068967 0.0001111999999920954
16 0.000662400000010166 0.00010369999999682022
32 0.0012239999999934525 0.00012260000001163007
60 0.002233700000005001 0.00012050000000840555
130 0.006505599999997003 0.0001335999999980686
260 0.017561299999997004 0.00021690000001228782
550 0.07724640000000704 0.0003900999999899568
1050 0.2634676000000127 0.0009313999999989164
2100 1.0391163000000034 0.0032757999999972753
4100 3.9618381999999883 0.011802800000012326
4500 4.758831499999999 0.014176800000001322
