2 6.590000000983309e-05 0.00010279999999340816
5 6.0200000007171184e-05 1.4300000003686364e-05
10 6.46000000017466e-05 1.3899999999011925e-05
16 8.519999998668482e-05 1.100000000064938e-05
32 0.00019949999999369084 1.3499999994337486e-05
60 0.0009876000000019758 6.600000000389628e-05
130 0.002072400000002972 0.0002430999999916139
260 0.008134200000000646 0.0013763000000039938
550 0.051043599999999856 0.006682400000002531
1050 0.20304430000000195 0.03839779999999848
2100 0.8942734999999971 0.28167759999999475
4100 3.287841400000005 2.621990199999999
4500 4.026048500000002 3.558248500000005
