2 9.71000000014044e-05 0.00014579999999853044
5 6.639999999791257e-05 1.660000000214268e-05
10 6.530000000282143e-05 1.3799999997843315e-05
16 7.779999999968368e-05 8.400000002239949e-06
32 0.0002080000000006521 1.9999999999242846e-05
60 0.0006933999999994 5.310000000235959e-05
130 0.002952900000000369 0.00025980000000203063
260 0.013387300000001545 0.0010167000000009807
550 0.053132699999999033 0.006490000000002993
1050 0.20706170000000057 0.034427699999998396
2100 0.8316595999999983 0.2424779000000008
4100 3.337548999999999 2.441599100000005
4500 4.070675699999995 3.4461914000000036
