2 0.0006544000000019423 0.0002612000000041803
5 0.0007316000000017198 0.00016330000000408518
10 0.0006750000000010914 0.0001278999999954067
16 0.000922000000002754 0.00013659999999759975
32 0.0015782999999984781 0.00014510000000456102
60 0.002787099999999043 0.00015929999999997335
130 0.005900700000005088 0.00011569999999494485
260 0.021606599999998366 0.0002458000000018501
550 0.07533069999999498 0.00038239999999944985
1050 0.26800999999999675 0.0009380000000049904
2100 1.072341299999998 0.0033080000000040855
4100 4.015089600000003 0.011860099999999818
4500 4.727444899999995 0.014108500000006075
