2 8.560000000557011e-05 0.0001163000000019565
5 6.32999999936601e-05 1.760000000672335e-05
10 6.229999999618485e-05 1.3500000022759195e-05
16 8.509999997841078e-05 9.900000009110954e-06
32 0.00022069999999985157 2.2599999994099562e-05
60 0.0005374000000131218 4.249999997796294e-05
130 0.003065200000008872 0.0002734999999915999
260 0.008332199999983914 0.0011030000000005202
550 0.05173700000000281 0.006827200000003586
1050 0.2053857000000221 0.03653989999997975
2100 0.8772428000000048 0.31332850000001145
4100 3.3490228 2.8047386000000074
4500 4.213735799999995 3.807231900000005
