2 0.00051300000000154 0.00013810000000091804
5 0.0005482000000007758 0.00011029999999934148
10 0.0005474000000020851 0.00010209999999943875
16 0.0006750999999987073 0.00011209999999906017
32 0.001825199999998972 0.00019729999999995584
60 0.002756099999999151 0.00014960000000030504
130 0.00824710000000195 0.00017479999999991946
260 0.02363019999999949 0.0002382999999994695
550 0.07960820000000268 0.0003934000000000992
1050 0.2584647999999987 0.0009328000000010661
2100 1.0510776000000028 0.00333779999999706
4100 3.9080866999999984 0.011825199999996983
4500 4.705509599999999 0.014117800000001068
