2 8.449999999982083e-05 0.0001218000000022812
5 9.070000000122036e-05 1.9199999996999395e-05
10 7.540000000005875e-05 1.2699999999199463e-05
16 0.00010010000000448827 1.1699999994618793e-05
32 0.00026640000000099917 2.190000000013015e-05
60 0.0007236999999946647 6.780000000361497e-05
130 0.002856000000001302 0.00022760000000232594
260 0.008454900000003818 0.0011828000000022598
550 0.055191000000000656 0.006690599999998881
1050 0.208601299999998 0.03525989999999979
2100 0.8764891000000006 0.26844299999999777
4100 3.3153196999999963 2.556753300000004
4500 4.022991799999993 3.5426007000000084
