2 0.00010839999998779604 0.00015369999999848005
5 7.320000000277105e-05 1.8399999987650517e-05
10 6.76999999882355e-05 1.0099999997237319e-05
16 0.00011469999998325875 1.1700000015935075e-05
32 0.00029759999998191233 2.4899999999661304e-05
60 0.0007067999999890162 5.9000000021569576e-05
130 0.0027197999999941658 0.0002487000000144235
260 0.008298099999990427 0.0009470999999905416
550 0.05195650000001706 0.0067923000000007505
1050 0.21179979999999432 0.037882499999994934
2100 0.8813633999999979 0.312244800000002
4100 3.356037200000003 2.8290482000000168
4500 4.181458200000009 3.8234356000000105
