2 7.109999999954653e-05 0.00010740000000453165
5 8.000000001118224e-05 1.9399999999336615e-05
10 7.809999999608408e-05 1.9600000001673834e-05
16 0.00011169999999083302 1.300000000981072e-05
32 0.0006601999999986674 3.4199999987549745e-05
60 0.0007887999999951489 6.140000000698365e-05
130 0.0031189000000040323 0.0002312999999958265
260 0.009452400000000694 0.0012126000000023396
550 0.050827699999999254 0.006959599999987631
1050 0.20396549999999536 0.035030100000000175
2100 0.8618925999999902 0.293415600000003
4100 3.323408399999991 2.64824440000001
4500 4.027327499999984 3.7683905000000095
