2 7.459999999998024e-05 6.270000000002662e-05
5 7.809999999996986e-05 1.8600000000035255e-05
10 7.829999999997561e-05 2.089999999999037e-05
16 0.00011780000000000124 2.0399999999975993e-05
32 0.0002869999999999817 4.540000000002875e-05
60 0.0006940999999999753 6.010000000000737e-05
130 0.0021131999999999818 0.00022759999999999447
260 0.008266599999999957 0.000959100000000046
550 0.056181099999999984 0.00647629999999999
1050 0.20892809999999995 0.03670580000000001
2100 0.8595404 0.25559940000000014
4100 3.2429806 1.7148598999999995
4500 3.9033404999999988 2.8299685000000014
