2 9.529999999813299e-05 0.00013770000001045446
5 6.419999999707215e-05 1.5700000005836046e-05
10 6.510000000048421e-05 1.3199999997937084e-05
16 8.280000000127075e-05 7.899999999949614e-06
32 0.00022570000000143864 1.8999999994662176e-05
60 0.0005445999999977857 4.590000000348482e-05
130 0.002161400000005642 0.0003282999999925096
260 0.009643199999999297 0.0016736000000037166
550 0.053187100000002374 0.006875699999994822
1050 0.20718169999999247 0.034904100000005656
2100 0.8454507999999947 0.2634398999999945
4100 3.3284889999999905 2.7054250000000053
4500 4.045667199999997 3.652125799999993
