2 9.219999998322237e-05 0.00015390000001502813
5 8.019999998509775e-05 2.080000001569715e-05
10 9.040000000481996e-05 1.5200000007098424e-05
16 0.00013119999999844367 1.409999998713829e-05
32 0.00030970000000252185 2.8600000007372728e-05
60 0.0006203000000084558 4.939999999464817e-05
130 0.002942900000022064 0.00025729999998702624
260 0.008600200000017821 0.0013720000000034815
550 0.05509040000001164 0.006680200000005243
1050 0.21490969999999265 0.03798260000002074
2100 0.8689589999999896 0.3376365000000021
4100 3.3882509000000027 2.7883677999999747
4500 4.13883180000002 3.640586099999979
