2 0.0009893000000147367 0.00022469999998975254
5 0.0006832999999915046 0.0001387000000079297
10 0.0006808999999918797 0.00013540000000489272
16 0.0009459999999990032 0.00014680000001021654
32 0.0017387000000042008 0.00014860000001704066
60 0.002968300000020463 0.0001615999999842188
130 0.0072082000000079915 0.00012350000000083128
260 0.01886249999998313 0.0002135000000009768
550 0.07648079999998458 0.0003868000000011307
1050 0.27177569999997786 0.0009694000000024516
2100 1.0427950000000124 0.003331299999985049
4100 3.9369073000000014 0.011848100000008799
4500 4.858837600000015 0.01810079999998493
