2 0.00047090000001048793 0.00013849999999138163
5 0.000530699999984563 0.00010820000002809138
10 0.0005716000000006716 0.00011069999999335778
16 0.0006858000000136144 0.00011129999998615858
32 0.001200600000004215 0.00011189999997895939
60 0.0021963000000084776 0.00011879999999564461
130 0.005538500000000113 0.00011449999999513238
260 0.01715370000002281 0.00021389999997722953
550 0.07492519999999558 0.00037750000001324224
1050 0.264761099999987 0.0009407999999950789
2100 1.0456997000000001 0.0034746999999981654
4100 3.9883834999999976 0.012270699999987755
4500 4.761939699999999 0.014186300000005758
