2 0.0004743000000075881 0.0001393999999947937
5 0.0005094999999926131 0.00011450000000934324
10 0.0005625000000009095 0.00011010000000055697
16 0.0006730000000061409 0.00010170000000186974
32 0.0013258000000035963 0.0001628999999923053
60 0.0032275000000083764 0.00012099999999293232
130 0.008269599999991328 0.00016490000000146665
260 0.01701450000000193 0.00025420000000053733
550 0.07437669999998775 0.0003744000000125425
1050 0.2558523999999949 0.0009304999999955044
2100 1.0415873000000033 0.003394800000009468
4100 3.864650400000002 0.0118419000000074
4500 4.766756599999994 0.01417419999999936
