2 9.21000000175809e-05 0.0001023000000088814
5 6.450000000768341e-05 1.4200000009623182e-05
10 6.529999998861058e-05 1.3300000006211121e-05
16 9.239999999977044e-05 1.3300000006211121e-05
32 0.00022160000000326363 1.8199999999524152e-05
60 0.0006040000000098189 4.680000000689688e-05
130 0.002424899999994068 0.00020109999999817774
260 0.00838999999999146 0.0011380000000258406
550 0.05131240000000048 0.0068301000000019485
1050 0.20446799999999143 0.036352600000014945
2100 0.8497807999999907 0.26988780000002066
4100 3.383566899999977 2.6549961999999994
4500 4.044897800000001 3.7442933000000096
