2 0.0008543000000145184 0.0003572999999903459
5 0.0013749999999959073 0.0004105000000151904
10 0.0007499999999822649 0.00024760000002288507
16 0.0014629000000070391 0.0006762000000151147
32 0.0023385000000075706 0.0003508000000067568
60 0.005126699999976836 0.0007318000000111624
130 0.008534999999994852 0.0007083000000136508
260 0.03109889999998927 0.0007681000000161475
550 0.1151905000000113 0.0015167999999903259
1050 0.40199160000000234 0.0018057000000055723
2100 1.4767583000000002 0.002841000000017857
3000 3.021759199999991 0.004685899999998355
4000 5.533099800000002 0.005041900000009036
