2 0.0012662999999975 0.00036980000001562985
5 0.0008858999999858952 0.00026109999998880085
10 0.0010222999999882632 0.00033980000000610744
16 0.0014862000000164244 0.00035449999998604653
32 0.0019235000000037417 0.0003749999999911324
60 0.0032855999999981123 0.0003098999999906482
130 0.008048499999972591 0.00046880000002147426
260 0.025177100000007613 0.000607199999990371
550 0.10889700000001312 0.0008093999999800872
1050 0.3702466999999956 0.001294400000006135
2100 1.5655524999999955 0.002904200000017454
3000 2.952862699999997 0.0055136000000004515
4000 5.2455580999999825 0.007000800000014351
