2 0.0005728999999803364 9.239999999977044e-05
5 0.00019009999999752836 0.00011839999999097017
10 0.00010720000000219443 7.1600000012495e-05
16 0.00023500000000353793 0.00012630000000513064
32 0.0004735999999923024 0.0023424999999974716
60 0.0008178999999870484 0.016013600000007955
130 0.00319909999998913 0.02748560000000566
260 0.020795100000015054 0.06661749999997824
550 0.07699420000000146 0.15790040000001682
1050 0.28711419999999066 0.2966975000000218
2100 1.2083475999999962 0.5105719000000022
3000 2.492184199999997 1.1631874999999923
4000 4.549995899999999 2.1585579999999993
