2 0.00035710000000221953 8.609999999009688e-05
5 0.00016109999999969205 7.600000000707041e-05
10 0.0001475999999911437 0.0001163000000019565
16 0.00024530000000311247 0.00013810000000091804
32 0.00029929999999467327 0.0005347999999969488
60 0.0007610000000113359 0.006362099999989823
130 0.0035183999999901516 0.027501900000004298
260 0.01215919999999926 0.09518620000000055
550 0.07519940000000247 0.057580500000000256
1050 0.2948623999999995 0.16680649999999275
2100 1.23048390000001 0.6150669999999963
3000 2.5318761999999992 1.1085406999999918
4000 4.659415499999994 2.396102499999998
