2 0.00013299999999993872 0.00024030000000019314
5 0.0004222000000000392 0.0003990000000000382
10 0.0001794999999999991 8.049999999992785e-05
16 0.00015079999999989546 8.279999999993848e-05
32 0.00032420000000010774 0.000904299999999969
60 0.0011054999999999815 0.004014300000000137
130 0.005260400000000054 0.032935600000000065
260 0.012977600000000145 0.07276060000000006
550 0.07680629999999988 0.1162782
1050 0.3194969999999997 0.19856830000000025
2100 1.1868589999999992 0.5382995000000008
3000 2.5684538999999997 1.2078209000000015
4000 4.577612600000002 2.2472206999999997
