2 0.0010908999999941216 0.0003791000000035183
5 0.0008100999999953729 0.00030950000000018463
10 0.0010697999999962349 0.0003196000000116328
16 0.0019022000000035177 0.00046299999999632746
32 0.0019281000000006543 0.00030239999999537304
60 0.003997400000002926 0.00032120000000190885
130 0.007430400000004056 0.0005656999999956724
260 0.03434590000000526 0.0008007999999932736
550 0.1084199999999953 0.0010694000000057713
1050 0.38398759999999754 0.0025036000000113745
2100 1.501554200000001 0.0033455999999887354
3000 3.0203960999999993 0.004019099999993614
4000 5.509323800000004 0.006351899999998523
