2 0.0010091999999986 0.00013369999999213178
5 0.0001617000000067037 0.00010209999999233332
10 0.00021839999999428983 8.900000000267028e-05
16 0.000210299999992003 0.0001240000000279906
32 0.0003758999999945445 0.0006377999999926942
60 0.0011293000000023312 0.0072851999999841155
130 0.004178200000012566 0.03516590000000974
260 0.011996100000004617 0.029074699999995346
550 0.07605929999999717 0.13268450000001053
1050 0.27987920000001054 0.169681799999978
2100 1.4237851000000035 0.5762364999999932
3000 2.655796400000014 1.0798957000000087
4000 4.576971100000009 2.1460568999999907
