2 0.0009799999999999809 0.0004537000000000013
5 0.0012940999999999647 0.0004494999999999916
10 0.000846699999999867 0.00024030000000019314
16 0.0023992000000001568 0.0006975999999998539
32 0.002455499999999944 0.0005908999999999498
60 0.0037655999999999246 0.0006247999999999809
130 0.009815899999999989 0.0004819999999998714
260 0.03101569999999998 0.0010727999999999849
550 0.11062900000000031 0.0014999999999996128
1050 0.38212 0.002136300000000091
2100 1.4634306000000006 0.005870299999999773
3000 3.0848361000000004 0.006098000000001491
4000 5.239667799999999 0.006860600000003103
