2 9.403999999999524e-05
5 9.971999999998093e-05
10 0.00010747999999999314
12 0.00011171999999999293
15 0.0001194699999999993
20 0.0003176199999999962
30 0.0006060700000000141
40 0.0008523199999999731
45 0.0011090100000000769
50 0.0013980999999999798
55 0.0016964300000000155
60 0.0016745800000000032
75 0.002077450000000036
100 0.004372500000000024
125 0.00686270000000011
160 0.005705669999999996
200 0.00865850000000008
250 0.014327839999999892
300 0.03192456000000012
350 0.02194526999999997
500 0.025404400000000306
600 0.02872557000000011
800 0.04475560999999963
900 0.062124129999999764
1000 0.07213141000000042
1500 0.17833991999999982
2000 0.39030388000000044
