2 0.0001397899999999952
5 0.00010726999999999265
10 0.00029842999999999396
12 0.00030634999999998855
15 0.00042875
20 0.0009846900000000213
30 0.0014114599999999976
40 0.0021540200000000455
45 0.0017970800000000286
50 0.0037252600000000193
55 0.00352301000000006
60 0.0028796899999999903
75 0.004897470000000026
100 0.006867209999999968
125 0.00947032000000001
160 0.011770820000000048
200 0.01422021
250 0.02537954000000009
300 0.03935273000000015
350 0.03201483000000005
500 0.059205319999999964
600 0.06542451000000024
800 0.10233503000000006
900 0.10468217999999929
1000 0.12032371000000026
1500 0.2653614100000013
2000 0.5192863400000007
