2 0.0001286400000000132
5 0.00013334999999998766
10 0.00014018000000001196
12 0.00014151000000000024
15 0.00015500000000000512
20 0.0002442200000000061
30 0.0004390000000000005
40 0.0008119899999999847
45 0.0008623700000000012
50 0.0010201000000000572
55 0.0012871700000000263
60 0.0015424300000000057
75 0.000498580000000004
100 0.0010059000000000261
125 0.0020320799999998585
160 0.0015648800000000573
200 0.0016523399999999189
250 0.0057029200000000115
300 0.008318169999999991
350 0.012306890000000159
500 0.032405329999999656
600 0.0420303600000004
800 0.07251207999999973
900 0.10169224000000021
1000 0.12717192000000033
1500 0.28326039999999963
2000 0.4977018199999968
