2 9.512999999998773e-05
5 9.5870000000009e-05
10 0.00010591000000000905
12 0.00011548999999999587
15 0.00012258000000000546
20 0.00031965000000000465
30 0.0006197899999999757
40 0.0009121700000000232
45 0.0010473400000000188
50 0.002129910000000024
55 0.002054240000000007
60 0.0016360199999999382
75 0.0020910900000000064
100 0.004274220000000018
125 0.004637460000000049
160 0.005659700000000045
200 0.00812450999999994
250 0.01604984999999992
300 0.03158465000000001
350 0.024160879999999895
500 0.024552769999999845
600 0.030108390000000363
800 0.04290850999999929
900 0.057307269999999376
1000 0.07102664999999994
1500 0.19098272999999893
2000 0.4259943799999995
