1 0.0025693999999987227 8
2 0.0002924000000010807 32
3 6.0700000000579735e-05 72
4 5.1799999999602164e-05 128
5 4.840000000072564e-05 200
6 5.0299999999836587e-05 288
7 7.279999999987297e-05 392
9 8.09999999997757e-05 648
11 0.0001632000000011402 968
13 0.00017870000000108632 1352
16 0.00026549999999936347 2048
20 0.00027550000000076125 3200
24 0.00035730000000100404 4608
29 0.0006251999999999924 6728
35 0.0006463999999990477 9800
42 0.0006506000000001677 14112
51 0.0010095000000003296 20808
62 0.001295799999999403 30752
75 0.0021073999999998705 45000
100 0.0025981000000001586 80000
190 0.00502260000000021 288800
200 0.005610000000000781 320000
240 0.008436099999999058 460800
330 0.011301399999998907 871200
360 0.011110600000000304 1036800
400 0.013172600000000756 1280000
490 0.020976100000000386 1920800
500 0.022378699999999085 2000000
540 0.020152299999999457 2332800
596 0.021063099999999224 2841728
719 0.030035200000000373 4135688
868 0.03541869999999925 6027392
900 0.038372499999999476 6480000
1048 0.06044499999999964 8786432
1264 0.07257620000000031 12781568
1526 0.11092630000000092 18629408
1842 0.18662519999999994 27143712
2222 0.2722788999999999 39498272
2500 0.38239410000000085 50000000
