1 0.0026686999999996353 8
2 0.00015220000000004674 32
3 6.0700000000135645e-05 72
4 4.960000000009401e-05 128
5 6.630000000029668e-05 200
6 5.869999999985609e-05 288
7 5.589999999999762e-05 392
9 5.249999999978883e-05 648
11 0.00013989999999974856 968
13 0.00016079999999973893 1352
16 0.00018289999999998585 2048
20 0.00025290000000000035 3200
24 0.0002905000000001934 4608
29 0.0005207000000000406 6728
35 0.000697900000000029 9800
42 0.0006793000000002714 14112
51 0.0009145999999997656 20808
62 0.0014062000000003572 30752
75 0.0019595999999997282 45000
100 0.003204599999999669 80000
190 0.007957900000000073 288800
200 0.005625199999999886 320000
240 0.0060445999999996225 460800
330 0.009716399999999847 871200
360 0.010482199999999775 1036800
400 0.014162999999999926 1280000
490 0.02210080000000003 1920800
500 0.015412199999999654 2000000
540 0.027717599999999898 2332800
596 0.03458430000000012 2841728
719 0.0328659 4135688
868 0.053725299999999976 6027392
900 0.04656120000000019 6480000
1048 0.0550872 8786432
1264 0.0726502 12781568
1526 0.11700679999999997 18629408
1842 0.17087079999999988 27143712
2222 0.2859550999999998 39498272
2500 0.3800488999999998 50000000
