1 0.007369799999999316 8
2 0.00020549999999985857 32
3 0.0001640999999992232 72
4 0.00013659999999759975 128
5 0.00015959999999637375 200
6 0.00014600000000086766 288
7 0.00016019999999627998 392
9 0.00022179999999849542 648
11 0.00015960000000347918 968
13 0.00021710000000041418 1352
16 0.00022570000000143864 2048
20 0.0003969999999995366 3200
24 0.00043579999999820984 4608
29 0.007010600000000977 6728
35 0.0007848999999993111 9800
42 0.0009884999999982824 14112
51 0.009173599999996895 20808
62 0.010610399999997355 30752
75 0.03015659999999798 45000
100 0.01289549999999906 80000
190 0.05200199999999455 288800
200 0.07535089999999656 320000
240 0.09684649999999806 460800
330 0.07047710000000507 871200
360 0.10528999999999655 1036800
400 0.08555180000000462 1280000
490 0.1390011999999956 1920800
500 0.14746180000000209 2000000
540 0.23856130000000064 2332800
596 0.22723200000000077 2841728
719 0.33683630000000164 4135688
868 0.22799909999999812 6027392
900 0.2747433999999984 6480000
1048 0.42609790000000203 8786432
1264 0.33787889999999976 12781568
1526 0.598005999999998 18629408
1842 0.944780300000005 27143712
2222 1.5678833999999995 39498272
2500 1.8975353999999953 50000000
