1 0.005253199999998515 8
2 0.00019029999999986558 32
3 0.0001125000000001819 72
4 0.00012540000000171858 128
5 0.0001308000000079801 200
6 0.0001524999999986676 288
7 0.00014920000000984146 392
9 0.00016389999998978055 648
11 0.00023880000000531254 968
13 0.00016190000000904092 1352
16 0.00022899999999026477 2048
20 0.0003298000000029333 3200
24 0.00036910000000034415 4608
29 0.0006990000000115515 6728
35 0.0006501000000014301 9800
42 0.019331699999995067 14112
51 0.009052299999993352 20808
62 0.0015593000000109214 30752
75 0.006710699999999292 45000
100 0.004458900000003041 80000
190 0.016111399999999776 288800
200 0.0141303999999991 320000
240 0.01644409999998686 460800
330 0.01912439999999549 871200
360 0.06463309999999467 1036800
400 0.09562600000000998 1280000
490 0.08321250000000191 1920800
500 0.060009899999997174 2000000
540 0.09115559999999334 2332800
596 0.10450640000000533 2841728
719 0.08811930000000245 4135688
868 0.12796150000001205 6027392
900 0.10223879999999497 6480000
1048 0.1675910000000016 8786432
1264 0.5253471999999988 12781568
1526 0.6086322000000024 18629408
1842 0.8401047999999918 27143712
2222 1.2409912000000105 39498272
2500 1.771281899999991 50000000
