1 0.0025772000000001682 8
2 0.0001791000000004317 32
3 6.079999999997199e-05 72
4 4.939999999997724e-05 128
5 4.830000000000112e-05 200
6 7.810000000008088e-05 288
7 5.909999999964555e-05 392
9 5.490000000030193e-05 648
11 0.00015069999999983708 968
13 0.0001487000000000016 1352
16 0.0001685999999998522 2048
20 0.0002510000000000012 3200
24 0.0003463999999997469 4608
29 0.0004998999999998865 6728
35 0.0007868000000001985 9800
42 0.0006459000000003101 14112
51 0.0014503999999999628 20808
62 0.0012809999999996435 30752
75 0.0018677000000000277 45000
100 0.0026205000000003587 80000
190 0.005458399999999752 288800
200 0.005071399999999837 320000
240 0.00840620000000003 460800
330 0.01050070000000014 871200
360 0.015122099999999694 1036800
400 0.022640399999999783 1280000
490 0.02576860000000014 1920800
500 0.024066900000000224 2000000
540 0.023351700000000086 2332800
596 0.025503800000000076 2841728
719 0.034807500000000324 4135688
868 0.03674659999999985 6027392
900 0.04815170000000002 6480000
1048 0.05657269999999981 8786432
1264 0.0811516000000001 12781568
1526 0.11770739999999957 18629408
1842 0.1778504999999999 27143712
2222 0.2823910999999999 39498272
2500 0.3747308999999994 50000000
