1 0.0026909999999986667 8
2 0.0001585999999988985 32
3 6.490000000169971e-05 72
4 6.169999999983133e-05 128
5 5.660000000062837e-05 200
6 6.539999999866097e-05 288
7 5.600000000072214e-05 392
9 5.759999999987997e-05 648
11 0.00023839999999886174 968
13 0.00019889999999911367 1352
16 0.0003637000000011881 2048
20 0.00025590000000086377 3200
24 0.00033489999999858355 4608
29 0.00042619999999971014 6728
35 0.0004895000000004757 9800
42 0.0006242000000007408 14112
51 0.001369900000000257 20808
62 0.0016707999999994172 30752
75 0.0019892999999999716 45000
100 0.002404000000000295 80000
190 0.0057528999999991726 288800
200 0.005095899999998821 320000
240 0.006824299999999894 460800
330 0.015076800000001 871200
360 0.01631870000000113 1036800
400 0.011869899999998879 1280000
490 0.017312000000000438 1920800
500 0.024485999999999564 2000000
540 0.02010589999999901 2332800
596 0.022930399999999906 2841728
719 0.029986499999999694 4135688
868 0.03263600000000011 6027392
900 0.042910300000000845 6480000
1048 0.061841700000000444 8786432
1264 0.07908970000000082 12781568
1526 0.13365379999999938 18629408
1842 0.2115247 27143712
2222 0.2942879000000005 39498272
2500 0.39465590000000006 50000000
