1 0.002508300000000574 8
2 0.00012889999999998736 32
3 4.939999999997724e-05 72
4 4.9699999999930355e-05 128
5 4.9100000000024124e-05 200
6 5.039999999922884e-05 288
7 7.64999999987026e-05 392
9 6.160000000043908e-05 648
11 0.00017309999999959302 968
13 0.00017589999999856332 1352
16 0.00026019999999959964 2048
20 0.0003063000000000926 3200
24 0.0003843999999997294 4608
29 0.000501399999999208 6728
35 0.0006919000000014108 9800
42 0.0007114000000001397 14112
51 0.0009133999999999531 20808
62 0.001165600000000211 30752
75 0.002377100000000354 45000
100 0.0026693000000008738 80000
190 0.005215800000000215 288800
200 0.011797299999999566 320000
240 0.010244099999999534 460800
330 0.010424999999999685 871200
360 0.011010399999999976 1036800
400 0.020996800000000704 1280000
490 0.015265799999999885 1920800
500 0.03179229999999933 2000000
540 0.018155099999999535 2332800
596 0.0314710999999992 2841728
719 0.02695280000000011 4135688
868 0.03817309999999985 6027392
900 0.03591589999999911 6480000
1048 0.05127749999999942 8786432
1264 0.08557990000000082 12781568
1526 0.11395949999999999 18629408
1842 0.18127149999999936 27143712
2222 0.3273154999999992 39498272
2500 0.38758179999999953 50000000
