1 0.0072429999999954475 8
2 0.00019410000000164018 32
3 0.00014009999999586853 72
4 0.0001314000000007809 128
5 0.00014259999999666206 200
6 0.00013640000000236796 288
7 0.0001680999999962296 392
9 0.0001698999999959483 648
11 0.00015890000000240434 968
13 0.0002035000000049081 1352
16 0.00017799999999823513 2048
20 0.00034430000000185146 3200
24 0.00038820000000328037 4608
29 0.008694599999998331 6728
35 0.0007842999999994049 9800
42 0.0032774000000017622 14112
51 0.033938100000000304 20808
62 0.029283900000002916 30752
75 0.01508100000000212 45000
100 0.016629999999999256 80000
190 0.025858300000003 288800
200 0.015803900000001647 320000
240 0.016247599999999807 460800
330 0.01903570000000343 871200
360 0.07812850000000537 1036800
400 0.030117000000004168 1280000
490 0.03584260000000228 1920800
500 0.041285299999998415 2000000
540 0.0394903000000042 2332800
596 0.055642300000002365 2841728
719 0.1796494000000024 4135688
868 0.1472118000000009 6027392
900 0.12449339999999864 6480000
1048 0.2596451000000002 8786432
1264 0.2638087999999996 12781568
1526 0.5249311999999975 18629408
1842 0.9904087000000033 27143712
2222 1.4547024000000022 39498272
2500 1.6419365 50000000
