1 0.00214139999999996 8
2 8.900000000000574e-05 32
3 6.609999999995786e-05 72
4 6.080000000008301e-05 128
5 7.650000000003487e-05 200
6 7.769999999995836e-05 288
7 5.4900000000079885e-05 392
9 7.590000000001762e-05 648
11 0.0002689999999999637 968
13 0.00021479999999995947 1352
16 0.00024959999999996096 2048
20 0.00044789999999994556 3200
24 0.0005864999999999343 4608
29 0.0006675000000000431 6728
35 0.0007087999999999539 9800
42 0.0007262999999999575 14112
51 0.0008677999999999741 20808
62 0.0010128999999999833 30752
75 0.002040599999999948 45000
100 0.0025658000000000625 80000
190 0.00487419999999994 288800
200 0.007767599999999986 320000
240 0.006930500000000062 460800
330 0.009601599999999988 871200
360 0.012291200000000058 1036800
400 0.01739019999999991 1280000
490 0.021546400000000077 1920800
500 0.016862700000000008 2000000
540 0.02331380000000005 2332800
596 0.023315799999999998 2841728
719 0.028617300000000068 4135688
868 0.035751599999999883 6027392
900 0.0389790000000001 6480000
1048 0.05408539999999995 8786432
1264 0.0746929999999999 12781568
1526 0.11880650000000004 18629408
1842 0.18178879999999986 27143712
2222 0.2768685999999998 39498272
2500 0.3866962999999999 50000000
