1 0.0025578999999993357 8
2 0.00012640000000097018 32
3 4.999999999988347e-05 72
4 5.8600000000907926e-05 128
5 5.070000000095831e-05 200
6 5.610000000011439e-05 288
7 5.039999999922884e-05 392
9 6.0100000000673504e-05 648
11 0.0001581000000001609 968
13 0.00015529999999941424 1352
16 0.0002088999999987351 2048
20 0.00026489999999945724 3200
24 0.0003416999999998893 4608
29 0.000429600000000363 6728
35 0.0006492999999991866 9800
42 0.0005854999999996835 14112
51 0.0010287000000008817 20808
62 0.0014300999999985464 30752
75 0.0026669999999988647 45000
100 0.0029426000000007946 80000
190 0.004931900000000766 288800
200 0.005377099999998691 320000
240 0.006881900000001551 460800
330 0.010039200000001358 871200
360 0.013896100000000189 1036800
400 0.013678900000000382 1280000
490 0.024276500000000922 1920800
500 0.01673239999999865 2000000
540 0.017054999999999154 2332800
596 0.02085699999999946 2841728
719 0.02564109999999964 4135688
868 0.03669659999999908 6027392
900 0.041413699999999665 6480000
1048 0.05647719999999978 8786432
1264 0.07324359999999963 12781568
1526 0.11276770000000091 18629408
1842 0.18056660000000058 27143712
2222 0.2859833999999992 39498272
2500 0.39841769999999954 50000000
