1 0.0026380000000001402 8
2 0.0001297999999998467 32
3 4.9599999999649924e-05 72
4 5.120000000058411e-05 128
5 5.7400000000207285e-05 200
6 5.670000000002062e-05 288
7 5.4099999999834836e-05 392
9 5.650000000034794e-05 648
11 0.0001391999999995619 968
13 0.00016389999999955052 1352
16 0.000175200000000153 2048
20 0.00024259999999998172 3200
24 0.00030770000000046593 4608
29 0.0004499999999998394 6728
35 0.0005346999999993329 9800
42 0.0007551999999995118 14112
51 0.0009034000000003317 20808
62 0.001115500000000047 30752
75 0.0020468000000004594 45000
100 0.003150299999999717 80000
190 0.005255900000000757 288800
200 0.004953300000000382 320000
240 0.006845499999999838 460800
330 0.009535699999999814 871200
360 0.010686999999999891 1036800
400 0.014866999999999742 1280000
490 0.027796900000000235 1920800
500 0.035221799999999526 2000000
540 0.025280099999999806 2332800
596 0.027105200000000274 2841728
719 0.035587299999999544 4135688
868 0.03509389999999968 6027392
900 0.05147039999999947 6480000
1048 0.05666700000000002 8786432
1264 0.08403950000000027 12781568
1526 0.11714210000000058 18629408
1842 0.20874919999999975 27143712
2222 0.29683290000000007 39498272
2500 0.3795622000000005 50000000
