1 0.0025626000000009697 8
2 0.00012729999999905317 32
3 5.479999999913332e-05 72
4 5.5099999999086435e-05 128
5 5.4600000000348814e-05 200
6 5.5200000000255045e-05 288
7 5.049999999862109e-05 392
9 4.8700000000678756e-05 648
11 0.00014819999999993172 968
13 0.00013399999999919032 1352
16 0.00020650000000088653 2048
20 0.00025579999999969516 3200
24 0.0003714999999999691 4608
29 0.0004659000000000191 6728
35 0.0005906000000006628 9800
42 0.0006834999999991709 14112
51 0.0007975000000008947 20808
62 0.0027077000000002016 30752
75 0.002012000000000569 45000
100 0.002607499999999874 80000
190 0.004852700000000709 288800
200 0.007807600000001358 320000
240 0.009456399999999476 460800
330 0.014835599999999616 871200
360 0.010831500000000105 1036800
400 0.012929200000000307 1280000
490 0.020794199999999208 1920800
500 0.015545399999998821 2000000
540 0.01845980000000047 2332800
596 0.02432469999999931 2841728
719 0.03418499999999902 4135688
868 0.0354107999999993 6027392
900 0.03967160000000014 6480000
1048 0.05782620000000094 8786432
1264 0.08271419999999985 12781568
1526 0.1337066 18629408
1842 0.2015224 27143712
2222 0.30510770000000065 39498272
2500 0.39145249999999976 50000000
