1 0.0029421000000002806 8
2 0.00016190000000015914 32
3 6.079999999997199e-05 72
4 6.129999999959779e-05 128
5 4.949999999936949e-05 200
6 4.989999999960304e-05 288
7 4.829999999955703e-05 392
9 5.149999999964905e-05 648
11 0.00014730000000007237 968
13 0.00015860000000067487 1352
16 0.0002035000000004672 2048
20 0.0002297000000002214 3200
24 0.000335200000000313 4608
29 0.0005234000000005068 6728
35 0.0005956999999998658 9800
42 0.00060320000000047 14112
51 0.0008571999999995583 20808
62 0.0010747999999995983 30752
75 0.002076299999999698 45000
100 0.0026805000000003076 80000
190 0.005607200000000034 288800
200 0.005636099999999367 320000
240 0.006970599999999827 460800
330 0.01141520000000007 871200
360 0.01273970000000002 1036800
400 0.014081299999999963 1280000
490 0.017993999999999843 1920800
500 0.016686499999999604 2000000
540 0.029113899999999582 2332800
596 0.026593700000000275 2841728
719 0.03710029999999964 4135688
868 0.042683399999999594 6027392
900 0.0401612999999994 6480000
1048 0.057549400000000084 8786432
1264 0.08685790000000004 12781568
1526 0.1197096000000002 18629408
1842 0.1780577999999995 27143712
2222 0.2938238999999996 39498272
2500 0.3702191000000008 50000000
