1 0.002550799999999853 6
2 0.00011699999999947863 24
3 3.500000000045134e-05 54
4 3.4799999999890474e-05 96
5 3.4799999999890474e-05 150
6 3.730000000068401e-05 216
7 3.52000000010122e-05 294
9 3.770000000002938e-05 486
11 0.0001265999999997547 726
13 0.00012019999999957065 1014
16 0.00019899999999850593 1536
20 0.00024800000000091416 2400
24 0.0003212000000001325 3456
29 0.0006716000000004385 5046
35 0.000615700000000885 7350
42 0.0006956999999996327 10584
51 0.0009487999999997498 15606
62 0.0013578000000009638 23064
75 0.00206780000000073 33750
100 0.002315599999999307 60000
190 0.005140199999999595 216600
200 0.0089295000000007 240000
240 0.007552500000000961 345600
330 0.010392200000000074 653400
360 0.015971300000000355 777600
400 0.015842599999999152 960000
490 0.019734200000000257 1440600
500 0.025334700000000154 1500000
540 0.030726599999999493 1749600
596 0.03616699999999895 2131296
719 0.03969619999999985 3101766
868 0.04417640000000134 4520544
900 0.04499930000000063 4860000
1048 0.05457099999999926 6589824
1264 0.09048300000000076 9586176
1526 0.11053440000000059 13972056
1842 0.1859649000000001 20357784
2222 0.29436130000000027 29623704
2500 0.38000390000000017 37500000
