1 0.002469699999999797 6
2 0.00012279999999975644 24
3 4.259999999955966e-05 54
4 5.100000000002325e-05 96
5 4.550000000058674e-05 150
6 3.949999999974807e-05 216
7 3.569999999974982e-05 294
9 3.6499999999328736e-05 486
11 0.0001129999999998077 726
13 0.00012729999999994135 1014
16 0.00018690000000010087 1536
20 0.000220800000000132 2400
24 0.00028879999999986694 3456
29 0.0003635000000006272 5046
35 0.0004982999999993964 7350
42 0.0006902000000001962 10584
51 0.0008666000000001617 15606
62 0.0011869000000004348 23064
75 0.0018679999999999808 33750
100 0.0023607999999999407 60000
190 0.005053300000000149 216600
200 0.005598599999999898 240000
240 0.009476400000000496 345600
330 0.017318599999999407 653400
360 0.0155959999999995 777600
400 0.022411599999999865 960000
490 0.027281400000000566 1440600
500 0.049373300000000064 1500000
540 0.01830390000000026 1749600
596 0.021905800000000752 2131296
719 0.027647200000000538 3101766
868 0.0398227999999996 4520544
900 0.04097840000000019 4860000
1048 0.0564530999999997 6589824
1264 0.07742779999999971 9586176
1526 0.11412589999999945 13972056
1842 0.18526940000000014 20357784
2222 0.2847155999999993 29623704
2500 0.3827133000000007 37500000
