1 0.0002450999999999981 6
2 6.250000000007638e-05 24
3 4.229999999993961e-05 54
4 3.180000000002625e-05 96
5 3.300000000006076e-05 150
6 3.1200000000009e-05 216
7 3.690000000000637e-05 294
9 4.539999999997324e-05 486
11 0.00024159999999995296 726
13 0.00019849999999999035 1014
16 0.00022080000000002098 1536
20 0.00032799999999999496 2400
24 0.0004593999999999987 3456
29 0.0004382000000000552 5046
35 0.0007626000000000577 7350
42 0.0008462000000000192 10584
51 0.0010871000000000075 15606
62 0.0012330000000000396 23064
75 0.002089699999999972 33750
100 0.0026793999999999984 60000
190 0.007798000000000083 216600
200 0.005597799999999986 240000
240 0.017720999999999987 345600
330 0.013990599999999964 653400
360 0.018846099999999977 777600
400 0.015366699999999955 960000
490 0.016364800000000068 1440600
500 0.021780800000000045 1500000
540 0.025093199999999927 1749600
596 0.026370600000000022 2131296
719 0.03456680000000001 3101766
868 0.038210100000000025 4520544
900 0.050866999999999996 4860000
1048 0.11157280000000003 6589824
1264 0.07599100000000014 9586176
1526 0.1175678 13972056
1842 0.1850923000000002 20357784
2222 0.3022696 29623704
2500 0.3976951999999998 37500000
