1 0.002556299999999734 6
2 0.00011899999999975819 24
3 3.570000000019391e-05 54
4 3.529999999996036e-05 96
5 3.350000000024167e-05 150
6 3.8700000000169155e-05 216
7 3.419999999998424e-05 294
9 3.5500000000077137e-05 486
11 0.0001378999999999131 726
13 0.00014719999999979194 1014
16 0.0001647000000000176 1536
20 0.00023749999999989058 2400
24 0.00033210000000005735 3456
29 0.0003703000000001566 5046
35 0.0005226000000000397 7350
42 0.0005950999999999596 10584
51 0.0009472000000001479 15606
62 0.001298699999999986 23064
75 0.00203529999999974 33750
100 0.0036395000000002398 60000
190 0.005109800000000053 216600
200 0.005935300000000421 240000
240 0.007180500000000034 345600
330 0.010112000000000343 653400
360 0.011634200000000039 777600
400 0.012808800000000176 960000
490 0.015922900000000073 1440600
500 0.026873500000000217 1500000
540 0.02098369999999994 1749600
596 0.03568339999999992 2131296
719 0.03014550000000016 3101766
868 0.036091600000000224 4520544
900 0.04286229999999991 4860000
1048 0.059675299999999876 6589824
1264 0.0904891000000001 9586176
1526 0.1124685999999997 13972056
1842 0.17136510000000005 20357784
2222 0.3131345000000003 29623704
2500 0.39005509999999965 37500000
