1 0.002553999999999945 6
2 0.00010800000000088517 24
3 3.519999999923584e-05 54
4 3.439999999876875e-05 96
5 3.409999999881563e-05 150
6 3.559999999858121e-05 216
7 3.399999999942338e-05 294
9 3.559999999858121e-05 486
11 0.0001458000000003068 726
13 0.00013609999999886213 1014
16 0.00018209999999996285 1536
20 0.00022479999999980294 2400
24 0.00026229999999927145 3456
29 0.00043520000000007997 5046
35 0.0005401000000002654 7350
42 0.0008345999999992415 10584
51 0.0009286999999993384 15606
62 0.0012629000000003998 23064
75 0.0018050999999985606 33750
100 0.002382700000000071 60000
190 0.004965699999999629 216600
200 0.00546200000000141 240000
240 0.010442599999999302 345600
330 0.032460600000000284 653400
360 0.011625799999999131 777600
400 0.01932189999999956 960000
490 0.01580680000000001 1440600
500 0.03675009999999901 1500000
540 0.028947199999999285 1749600
596 0.03536060000000063 2131296
719 0.031326100000001134 3101766
868 0.04292659999999948 4520544
900 0.03665040000000097 4860000
1048 0.05952789999999908 6589824
1264 0.07591449999999966 9586176
1526 0.13138810000000056 13972056
1842 0.1835211999999995 20357784
2222 0.30677720000000086 29623704
2500 0.41188810000000053 37500000
