1 0.0026284000000003083 6
2 0.00013599999999991397 24
3 4.6899999999627795e-05 54
4 4.7200000000025e-05 96
5 4.620000000032931e-05 150
6 4.990000000004713e-05 216
7 4.740000000014177e-05 294
9 5.05999999997897e-05 486
11 0.00015400000000020952 726
13 0.00013330000000033593 1014
16 0.00017420000000001323 1536
20 0.0002203000000000621 2400
24 0.00034339999999977167 3456
29 0.0004228999999997818 5046
35 0.000502400000000236 7350
42 0.0006886000000001502 10584
51 0.0008880000000002219 15606
62 0.0012905999999999196 23064
75 0.001963500000000007 33750
100 0.002559499999999826 60000
190 0.005677700000000119 216600
200 0.004811300000000074 240000
240 0.006548299999999951 345600
330 0.022694999999999688 653400
360 0.015594999999999803 777600
400 0.019308800000000126 960000
490 0.023044799999999643 1440600
500 0.016657499999999992 1500000
540 0.025541600000000386 1749600
596 0.028208000000000233 2131296
719 0.03383950000000002 3101766
868 0.041659300000000066 4520544
900 0.04779309999999981 4860000
1048 0.056196799999999936 6589824
1264 0.08572549999999968 9586176
1526 0.11514140000000017 13972056
1842 0.19260579999999994 20357784
2222 0.3075403999999997 29623704
2500 0.3839344999999996 37500000
