1 0.002567799999999565 6
2 0.00011799999999873023 24
3 3.5999999999702936e-05 54
4 3.459999999932961e-05 96
5 3.360000000007801e-05 150
6 3.6100000000871546e-05 216
7 3.519999999923584e-05 294
9 3.549999999918896e-05 486
11 0.00014840000000049258 726
13 0.00016280000000001849 1014
16 0.00018010000000145965 1536
20 0.0002290999999985388 2400
24 0.00030899999999967065 3456
29 0.00040820000000074685 5046
35 0.000542900000001012 7350
42 0.0006388000000008276 10584
51 0.000815499999999858 15606
62 0.0011881999999996395 23064
75 0.0021308000000015426 33750
100 0.0028701000000008747 60000
190 0.005125500000000116 216600
200 0.010684400000000593 240000
240 0.016489200000000537 345600
330 0.01790460000000138 653400
360 0.016273399999999327 777600
400 0.016892799999999042 960000
490 0.018148999999999305 1440600
500 0.029475699999998994 1500000
540 0.020055499999999782 1749600
596 0.03123330000000024 2131296
719 0.04292929999999906 3101766
868 0.04490319999999848 4520544
900 0.05117560000000054 4860000
1048 0.05776059999999994 6589824
1264 0.08725650000000051 9586176
1526 0.10993679999999983 13972056
1842 0.19582239999999906 20357784
2222 0.3215310999999996 29623704
2500 0.42067739999999887 37500000
