1 0.002482699999999838 6
2 0.0001120000000005561 24
3 3.530000000040445e-05 54
4 3.559999999946939e-05 96
5 3.390000000003113e-05 150
6 3.609999999998337e-05 216
7 3.4300000000264674e-05 294
9 3.530000000040445e-05 486
11 0.00012330000000027042 726
13 0.00012159999999994398 1014
16 0.00019459999999948963 1536
20 0.0002114000000004168 2400
24 0.0002623999999995519 3456
29 0.0003895999999992128 5046
35 0.0007329999999994286 7350
42 0.0006625000000006764 10584
51 0.0008211000000004631 15606
62 0.0012335999999999459 23064
75 0.0020141000000002407 33750
100 0.002449699999999666 60000
190 0.005469799999999303 216600
200 0.007130800000000548 240000
240 0.006697499999999579 345600
330 0.012054700000000196 653400
360 0.011670900000000373 777600
400 0.015186200000000483 960000
490 0.01762210000000053 1440600
500 0.019607900000000456 1500000
540 0.019096099999999616 1749600
596 0.0217464000000005 2131296
719 0.03519719999999982 3101766
868 0.03633990000000065 4520544
900 0.03994110000000006 4860000
1048 0.05680569999999996 6589824
1264 0.07491439999999994 9586176
1526 0.12522499999999948 13972056
1842 0.20891449999999967 20357784
2222 0.2926340000000005 29623704
2500 0.3836155999999997 37500000
