1 0.002532000000000423 6
2 0.00011140000000153805 24
3 3.52000000010122e-05 54
4 3.5399999999796705e-05 96
5 3.419999999998424e-05 150
6 3.62000000002638e-05 216
7 3.449999999993736e-05 294
9 3.640000000082466e-05 486
11 0.00014279999999899928 726
13 0.00012839999999947338 1014
16 0.00015319999999974243 1536
20 0.0002070999999990164 2400
24 0.00028380000000005623 3456
29 0.00042929999999863355 5046
35 0.0005831000000000586 7350
42 0.0006740999999994557 10584
51 0.000797600000000287 15606
62 0.0012180999999991116 23064
75 0.002261700000000033 33750
100 0.002446499999999574 60000
190 0.004941000000000528 216600
200 0.005192199999999758 240000
240 0.007963499999998902 345600
330 0.02269999999999861 653400
360 0.012617900000000404 777600
400 0.015146500000000174 960000
490 0.01739069999999998 1440600
500 0.032861999999999725 1500000
540 0.02260320000000071 1749600
596 0.033661900000000244 2131296
719 0.03285250000000062 3101766
868 0.05118500000000026 4520544
900 0.0467569000000001 4860000
1048 0.05755910000000064 6589824
1264 0.08951370000000125 9586176
1526 0.12798480000000012 13972056
1842 0.1776725999999993 20357784
2222 0.2956246 29623704
2500 0.4085535 37500000
