1 0.0024812999999994645 6
2 0.00011390000000055522 24
3 3.560000000035757e-05 54
4 3.459999999932961e-05 96
5 3.319999999895629e-05 150
6 3.560000000035757e-05 216
7 3.4799999999890474e-05 294
9 3.7100000000123146e-05 486
11 0.00013760000000040407 726
13 0.00013609999999886213 1014
16 0.0001802000000008519 1536
20 0.0002499000000000251 2400
24 0.00029959999999995546 3456
29 0.00042329999999957124 5046
35 0.0005829000000012741 7350
42 0.0007086999999987853 10584
51 0.0009358999999999895 15606
62 0.0013785999999988974 23064
75 0.0019562000000004076 33750
100 0.002976300000000265 60000
190 0.0050296000000003005 216600
200 0.006780799999999587 240000
240 0.006313299999998634 345600
330 0.015684300000000206 653400
360 0.014021399999998962 777600
400 0.013942500000000635 960000
490 0.018332100000000295 1440600
500 0.018585999999999103 1500000
540 0.01959350000000093 1749600
596 0.03642570000000056 2131296
719 0.025823499999999555 3101766
868 0.034286800000000284 4520544
900 0.037392000000000536 4860000
1048 0.05661440000000084 6589824
1264 0.09621970000000069 9586176
1526 0.10950689999999952 13972056
1842 0.19208140000000107 20357784
2222 0.28391060000000046 29623704
2500 0.3995476999999994 37500000
