1 0.00020860000000000323 16
2 6.129999999993085e-05 64
3 3.8599999999999746e-05 144
4 3.070000000005013e-05 256
5 2.9300000000009874e-05 400
6 2.8999999999945736e-05 576
7 3.0200000000091265e-05 784
9 3.269999999999662e-05 1296
11 3.290000000000237e-05 1936
13 3.249999999999087e-05 2704
16 4.419999999993873e-05 4096
20 0.00022479999999991396 6400
24 0.00022560000000004798 9216
29 0.0003454999999999986 13456
35 0.00037240000000005047 19600
42 0.0005591000000000346 28224
51 0.0008070000000000022 41616
62 0.0010023999999999589 61504
75 0.0016069000000000777 90000
100 0.001734699999999978 160000
190 0.003834499999999963 577600
200 0.004566500000000029 640000
240 0.005003900000000061 921600
330 0.010129300000000008 1742400
360 0.008867599999999976 2073600
400 0.012139899999999981 2560000
490 0.018382699999999974 3841600
500 0.014882000000000062 4000000
540 0.01632879999999992 4665600
596 0.019783100000000053 5683456
719 0.02873429999999999 8271376
868 0.04548540000000001 12054784
900 0.055587800000000076 12960000
1048 0.07420510000000013 17572864
1264 0.11178540000000003 25563136
1526 0.17967920000000004 37258816
1842 0.29172620000000005 54287424
2222 0.5621516 78996544
2500 0.6771308999999999 100000000
