1 0.004836599999999969 16
2 0.00012519999999982545 64
3 3.250000000010189e-05 144
4 3.4300000000264674e-05 256
5 3.179999999991523e-05 400
6 3.109999999972857e-05 576
7 3.2000000000032e-05 784
9 3.2599999999938234e-05 1296
11 4.569999999981533e-05 1936
13 3.7600000000193035e-05 2704
16 3.88000000000055e-05 4096
20 0.0001316000000000095 6400
24 0.0001495000000000246 9216
29 0.0002693000000002499 13456
35 0.00025889999999995084 19600
42 0.0004175000000001816 28224
51 0.0005432999999999133 41616
62 0.0007571999999997914 61504
75 0.0012266000000002997 90000
100 0.002025399999999955 160000
190 0.0038722999999998287 577600
200 0.003935400000000033 640000
240 0.005402799999999708 921600
330 0.009512599999999871 1742400
360 0.01030730000000002 2073600
400 0.01058899999999996 2560000
490 0.013745899999999978 3841600
500 0.015945100000000156 4000000
540 0.01934389999999997 4665600
596 0.02259790000000006 5683456
719 0.031383700000000125 8271376
868 0.041946300000000214 12054784
900 0.056989600000000085 12960000
1048 0.07848889999999997 17572864
1264 0.13383959999999995 25563136
1526 0.19486429999999988 37258816
1842 0.2984847999999998 54287424
2222 0.47968229999999945 78996544
2500 0.6411138999999997 100000000
