1 0.004716100000000445 16
2 0.00011869999999980507 64
3 3.2599999999938234e-05 144
4 3.289999999989135e-05 256
5 3.080000000021954e-05 400
6 3.0399999999985994e-05 576
7 3.079999999933136e-05 784
9 3.289999999989135e-05 1296
11 3.3199999999844465e-05 1936
13 3.470000000049822e-05 2704
16 3.8099999999374745e-05 4096
20 0.00012909999999966004 6400
24 0.00016339999999992472 9216
29 0.0002595999999996934 13456
35 0.0003327999999997999 19600
42 0.00040209999999962776 28224
51 0.0006957000000005209 41616
62 0.0008477999999998431 61504
75 0.0021364999999997636 90000
100 0.0016057999999992134 160000
190 0.0036383000000004273 577600
200 0.003569200000000272 640000
240 0.005093700000000645 921600
330 0.017512599999999878 1742400
360 0.011457199999999723 2073600
400 0.016900099999999973 2560000
490 0.015138700000000505 3841600
500 0.01536269999999984 4000000
540 0.023998300000000583 4665600
596 0.01995189999999969 5683456
719 0.03612519999999986 8271376
868 0.0527785999999999 12054784
900 0.058764800000000506 12960000
1048 0.08260850000000008 17572864
1264 0.12017089999999975 25563136
1526 0.18143750000000036 37258816
1842 0.28456729999999997 54287424
2222 0.4924717999999997 78996544
2500 0.7168061999999997 100000000
