1 0.0049258999999999276 16
2 0.00012680000000031555 64
3 3.300000000017178e-05 144
4 3.360000000007801e-05 256
5 3.300000000017178e-05 400
6 3.1100000000172656e-05 576
7 3.219999999970469e-05 784
9 3.310000000045221e-05 1296
11 3.409999999970381e-05 1936
13 3.530000000040445e-05 2704
16 3.900000000012227e-05 4096
20 0.00015040000000077214 6400
24 0.00017319999999987346 9216
29 0.0002651000000000181 13456
35 0.00035119999999988494 19600
42 0.00043540000000064083 28224
51 0.0005898000000001957 41616
62 0.0007266000000001327 61504
75 0.0014609999999999346 90000
100 0.002235500000000279 160000
190 0.0040877000000003605 577600
200 0.003733400000000664 640000
240 0.006848999999999883 921600
330 0.008158600000000682 1742400
360 0.009870499999999893 2073600
400 0.011224799999999924 2560000
490 0.01623600000000014 3841600
500 0.018491100000000316 4000000
540 0.018197999999999936 4665600
596 0.021785799999999966 5683456
719 0.041104699999999994 8271376
868 0.04276970000000002 12054784
900 0.046208899999999886 12960000
1048 0.07434019999999997 17572864
1264 0.10932770000000058 25563136
1526 0.1710535000000002 37258816
1842 0.3208484000000009 54287424
2222 0.4856379999999998 78996544
2500 0.7189768000000001 100000000
