1 0.004776699999998968 16
2 0.00012279999999975644 64
3 3.2599999999050056e-05 144
4 3.279999999961092e-05 256
5 3.3300000000124896e-05 400
6 3.0299999998817384e-05 576
7 3.0999999999892225e-05 784
9 3.239999999848919e-05 1296
11 3.3300000000124896e-05 1936
13 3.4900000001059084e-05 2704
16 3.7499999999468514e-05 4096
20 0.0001543999999995549 6400
24 0.00018569999999940023 9216
29 0.0002423000000000286 13456
35 0.0003734999999984723 19600
42 0.0004176999999998543 28224
51 0.0005994000000004718 41616
62 0.0009045000000007519 61504
75 0.0014226999999991108 90000
100 0.0016628999999994676 160000
190 0.0037301999999996838 577600
200 0.0040373000000002435 640000
240 0.004975500000000466 921600
330 0.009035400000000138 1742400
360 0.009518599999999822 2073600
400 0.017402799999999274 2560000
490 0.016781800000000402 3841600
500 0.016254999999999242 4000000
540 0.016523799999999866 4665600
596 0.020181199999999677 5683456
719 0.031137300000001034 8271376
868 0.04382550000000052 12054784
900 0.0461071000000004 12960000
1048 0.06896840000000104 17572864
1264 0.10878849999999929 25563136
1526 0.18096449999999997 37258816
1842 0.37745050000000013 54287424
2222 0.5037335999999986 78996544
2500 0.7412105000000011 100000000
