1 0.004701700000001807 16
2 0.0001260000000016248 64
3 3.310000000311675e-05 144
4 3.300000000194814e-05 256
5 3.1100000001060835e-05 400
6 3.0299999998817384e-05 576
7 3.0500000001154604e-05 784
9 3.129999999984534e-05 1296
11 3.300000000194814e-05 1936
13 3.3800000000638875e-05 2704
16 3.680000000017003e-05 4096
20 0.0001236000000019999 6400
24 0.00017449999999996635 9216
29 0.00032679999999984943 13456
35 0.00029079999999837014 19600
42 0.00035779999999974166 28224
51 0.0005445000000001698 41616
62 0.0007854000000016015 61504
75 0.001444899999999194 90000
100 0.0017782000000003961 160000
190 0.003916300000000206 577600
200 0.004317799999999039 640000
240 0.005576399999998927 921600
330 0.009429099999998414 1742400
360 0.011361100000002011 2073600
400 0.01142240000000072 2560000
490 0.023599100000001982 3841600
500 0.017669200000000274 4000000
540 0.017674100000000692 4665600
596 0.0227630000000012 5683456
719 0.039541499999998564 8271376
868 0.045500600000000446 12054784
900 0.048949500000002644 12960000
1048 0.06930589999999981 17572864
1264 0.11810909999999808 25563136
1526 0.17928679999999986 37258816
1842 0.31093689999999796 54287424
2222 0.603231000000001 78996544
2500 0.8130668000000014 100000000
