1 0.0047050000000012915 16
2 0.00014490000000044745 64
3 3.670000000077778e-05 144
4 3.279999999961092e-05 256
5 3.05999999987705e-05 400
6 2.9500000000126647e-05 576
7 3.0600000000546856e-05 784
9 3.080000000110772e-05 1296
11 3.2599999999050056e-05 1936
13 3.370000000124662e-05 2704
16 3.680000000017003e-05 4096
20 0.00021420000000027528 6400
24 0.00030120000000088964 9216
29 0.000357800000001518 13456
35 0.000358699999999601 19600
42 0.0005125999999986419 28224
51 0.0006438000000006383 41616
62 0.0011431000000001745 61504
75 0.0015218000000007947 90000
100 0.0021594999999994258 160000
190 0.004532499999999828 577600
200 0.004839999999999733 640000
240 0.005315599999999421 921600
330 0.012925899999999046 1742400
360 0.011247700000000194 2073600
400 0.012381999999998783 2560000
490 0.016508899999999826 3841600
500 0.018344100000000196 4000000
540 0.03143610000000052 4665600
596 0.023835700000001125 5683456
719 0.032797199999999194 8271376
868 0.04496900000000004 12054784
900 0.05989109999999975 12960000
1048 0.07348049999999873 17572864
1264 0.11724840000000114 25563136
1526 0.17858130000000116 37258816
1842 0.29348129999999983 54287424
2222 0.5227570000000004 78996544
2500 0.7859003999999992 100000000
