1 0.0065299000000003105 16
2 0.000131700000000734 64
3 4.39999999990448e-05 144
4 4.410000000021341e-05 256
5 4.300000000156956e-05 400
6 4.1899999999372994e-05 576
7 4.500000000007276e-05 784
9 5.089999999796646e-05 1296
11 4.909999999824777e-05 1936
13 5.1299999999088186e-05 2704
16 5.519999999847869e-05 4096
20 0.00015510000000062973 6400
24 0.0001697999999983324 9216
29 0.0003374000000029298 13456
35 0.0003090999999990629 19600
42 0.0010285000000003208 28224
51 0.0005873999999970181 41616
62 0.0008689000000003944 61504
75 0.001386499999998847 90000
100 0.0017057999999998685 160000
190 0.004148499999999444 577600
200 0.0051386999999998295 640000
240 0.006134299999999371 921600
330 0.009188200000000535 1742400
360 0.013965999999999923 2073600
400 0.013766199999999174 2560000
490 0.015713299999998043 3841600
500 0.022667300000001944 4000000
540 0.016382999999997594 4665600
596 0.01936240000000211 5683456
719 0.02889860000000155 8271376
868 0.043737100000001305 12054784
900 0.047519600000001105 12960000
1048 0.07011419999999902 17572864
1264 0.10707599999999928 25563136
1526 0.1809164999999986 37258816
1842 0.32590450000000004 54287424
2222 0.5686126000000016 78996544
2500 0.7843796000000012 100000000
