1 0.004896999999999707 16
2 0.00012359999999844717 64
3 3.129999999984534e-05 144
4 3.0899999998723615e-05 256
5 3.0100000000032878e-05 400
6 2.8900000000220416e-05 576
7 3.0200000001201488e-05 784
9 3.0300000002370098e-05 1296
11 3.189999999975157e-05 1936
13 5.6300000000675254e-05 2704
16 6.120000000109371e-05 4096
20 0.00017070000000174446 6400
24 0.00022820000000223217 9216
29 0.0003144000000006031 13456
35 0.0003303000000016709 19600
42 0.0004651000000031047 28224
51 0.0006419999999991433 41616
62 0.0008125000000021032 61504
75 0.0017279999999999518 90000
100 0.0018206999999996754 160000
190 0.004385599999999101 577600
200 0.004513599999999229 640000
240 0.005278400000001682 921600
330 0.008769299999997315 1742400
360 0.011695599999999473 2073600
400 0.014903799999999023 2560000
490 0.019042799999997584 3841600
500 0.015136699999999337 4000000
540 0.018983699999999715 4665600
596 0.020575100000002067 5683456
719 0.03083300000000122 8271376
868 0.051782499999998066 12054784
900 0.05492350000000101 12960000
1048 0.0674872999999998 17572864
1264 0.11256999999999806 25563136
1526 0.19798859999999863 37258816
1842 0.33141390000000115 54287424
2222 0.5767314999999975 78996544
2500 0.9079708999999987 100000000
