1 0.005214400000001618 16
2 0.00011879999999919733 64
3 3.219999999970469e-05 144
4 3.260000000082641e-05 256
5 3.080000000110772e-05 400
6 2.9500000000126647e-05 576
7 3.069999999993911e-05 784
9 3.240000000026555e-05 1296
11 3.2599999999050056e-05 1936
13 3.390000000003113e-05 2704
16 3.6500000000216914e-05 4096
20 0.00013319999999872323 6400
24 0.00018150000000005662 9216
29 0.00030849999999915667 13456
35 0.0003158999999985923 19600
42 0.00042119999999989943 28224
51 0.0006710999999999245 41616
62 0.0010092000000003765 61504
75 0.00134240000000041 90000
100 0.0017859999999991771 160000
190 0.0038586000000009335 577600
200 0.004222099999999784 640000
240 0.005397800000000785 921600
330 0.009155599999999708 1742400
360 0.012014000000000635 2073600
400 0.0119883999999999 2560000
490 0.021368600000000626 3841600
500 0.02134479999999961 4000000
540 0.017986099999999894 4665600
596 0.020839600000000402 5683456
719 0.030868599999999802 8271376
868 0.050057000000000684 12054784
900 0.04841369999999934 12960000
1048 0.06824469999999927 17572864
1264 0.1056765999999989 25563136
1526 0.1910960000000017 37258816
1842 0.294454 54287424
2222 0.5375136999999999 78996544
2500 0.7967894000000015 100000000
