1 0.0024519999999998987 8
2 0.00011010000000055697 32
3 3.4799999999890474e-05 72
4 3.489999999928273e-05 128
5 3.410000000059199e-05 200
6 3.629999999965605e-05 288
7 3.4799999999890474e-05 392
9 3.5500000000965315e-05 648
11 0.00012149999999877537 968
13 0.00011240000000078965 1352
16 0.00018279999999926133 2048
20 0.0002484999999996518 3200
24 0.00041709999999994807 4608
29 0.0005092999999991576 6728
35 0.0009131 9800
42 0.0006183000000010708 14112
51 0.0014020999999999617 20808
62 0.0011482999999987697 30752
75 0.0019167000000006595 45000
100 0.0024813999999988567 80000
190 0.007871500000000253 288800
200 0.00513890000000039 320000
240 0.01420509999999986 460800
330 0.009891100000000819 871200
360 0.013185899999999862 1036800
400 0.023372099999999563 1280000
490 0.022311600000000098 1920800
500 0.018231499999998846 2000000
540 0.022389600000000343 2332800
596 0.021401400000000237 2841728
719 0.034124699999999564 4135688
868 0.04349979999999931 6027392
900 0.05180930000000039 6480000
1048 0.06352560000000018 8786432
1264 0.09322470000000038 12781568
1526 0.13686189999999954 18629408
1842 0.20246569999999942 27143712
2222 0.2747792000000011 39498272
2500 0.36890979999999907 50000000
