1 0.002558299999998681 8
2 0.00011589999999905842 32
3 3.5799999999142074e-05 72
4 3.560000000035757e-05 128
5 3.4299999999376496e-05 200
6 3.609999999909519e-05 288
7 3.5399999999796705e-05 392
9 3.5500000000965315e-05 648
11 0.00014800000000114721 968
13 0.00014230000000026166 1352
16 0.00020060000000121647 2048
20 0.00022659999999952163 3200
24 0.0010390999999998485 4608
29 0.0004205999999999932 6728
35 0.0005790000000001072 9800
42 0.0005892999999996817 14112
51 0.0013494000000005002 20808
62 0.0012174000000015894 30752
75 0.002071500000001336 45000
100 0.00285560000000018 80000
190 0.005463200000001223 288800
200 0.0054882999999996684 320000
240 0.010067400000000504 460800
330 0.014241600000000076 871200
360 0.010870399999999947 1036800
400 0.014412200000000652 1280000
490 0.026880699999999536 1920800
500 0.016562300000000363 2000000
540 0.027408399999998778 2332800
596 0.024992700000000312 2841728
719 0.034529899999999 4135688
868 0.061887600000000376 6027392
900 0.0542732000000008 6480000
1048 0.05485870000000048 8786432
1264 0.07588419999999907 12781568
1526 0.11828829999999968 18629408
1842 0.1900126999999987 27143712
2222 0.2846423999999992 39498272
2500 0.389248499999999 50000000
