1 0.0025145999999995894 8
2 0.0001115999999985462 32
3 3.530000000040445e-05 72
4 3.799999999998249e-05 128
5 3.459999999932961e-05 200
6 3.560000000035757e-05 288
7 3.500000000045134e-05 392
9 3.580000000091843e-05 648
11 0.00011399999999994748 968
13 0.00010859999999901504 1352
16 0.00015349999999969555 2048
20 0.000230699999999473 3200
24 0.00032460000000078537 4608
29 0.00039880000000103166 6728
35 0.0005895999999996349 9800
42 0.0005899999999989802 14112
51 0.0007964000000004745 20808
62 0.0012913000000001063 30752
75 0.0019106999999998209 45000
100 0.002285399999999882 80000
190 0.004940200000000061 288800
200 0.0057736999999988825 320000
240 0.007771399999999318 460800
330 0.010048299999999344 871200
360 0.011621399999999227 1036800
400 0.013355199999999456 1280000
490 0.023982299999998347 1920800
500 0.01729850000000077 2000000
540 0.028822100000001072 2332800
596 0.023793700000000584 2841728
719 0.0288725000000003 4135688
868 0.039414900000000586 6027392
900 0.04341110000000015 6480000
1048 0.05751079999999931 8786432
1264 0.07062499999999972 12781568
1526 0.11304659999999878 18629408
1842 0.1798826000000009 27143712
2222 0.2842973999999998 39498272
2500 0.4060278000000004 50000000
