1 0.0025021000000000626 8
2 0.000109600000000043 32
3 3.4299999999376496e-05 72
4 3.4300000000264674e-05 128
5 3.439999999965693e-05 200
6 4.729999999941725e-05 288
7 3.859999999988872e-05 392
9 3.560000000035757e-05 648
11 0.00012379999999989622 968
13 0.00012740000000022178 1352
16 0.00016119999999997248 2048
20 0.0002085000000002779 3200
24 0.000276299999999452 4608
29 0.0004806000000003863 6728
35 0.0005348000000005015 9800
42 0.0006509999999995131 14112
51 0.0010658000000001167 20808
62 0.001441899999999663 30752
75 0.0027695999999997056 45000
100 0.0026263000000001924 80000
190 0.027113399999999288 288800
200 0.00772499999999976 320000
240 0.008945299999999712 460800
330 0.014605200000000096 871200
360 0.011432099999999501 1036800
400 0.01186129999999963 1280000
490 0.015596600000000294 1920800
500 0.025812900000000027 2000000
540 0.026362100000000055 2332800
596 0.02396520000000013 2841728
719 0.038126100000000385 4135688
868 0.03488749999999996 6027392
900 0.03682730000000056 6480000
1048 0.06667049999999985 8786432
1264 0.07507920000000023 12781568
1526 0.11505920000000014 18629408
1842 0.18361420000000006 27143712
2222 0.2832270000000001 39498272
2500 0.4316760999999998 50000000
