1 0.0025183000000001954 8
2 0.0001097999999988275 32
3 3.530000000040445e-05 72
4 3.470000000049822e-05 128
5 3.3800000000638875e-05 200
6 3.600000000147929e-05 288
7 3.449999999993736e-05 392
9 3.630000000143241e-05 648
11 0.00014179999999974768 968
13 0.00013160000000134175 1352
16 0.00020169999999986032 2048
20 0.00022249999999957026 3200
24 0.0002671999999996899 4608
29 0.0003893999999995401 6728
35 0.0005116000000011667 9800
42 0.0005217000000001804 14112
51 0.0008527999999987657 20808
62 0.00131319999999846 30752
75 0.0017928999999998751 45000
100 0.0026212000000001012 80000
190 0.0047946999999997075 288800
200 0.005256300000000991 320000
240 0.007856900000000167 460800
330 0.023974999999998303 871200
360 0.011934000000000111 1036800
400 0.01296430000000015 1280000
490 0.017667400000000555 1920800
500 0.025056400000000423 2000000
540 0.03125209999999967 2332800
596 0.02157960000000081 2841728
719 0.02797810000000034 4135688
868 0.0541962999999992 6027392
900 0.04814190000000096 6480000
1048 0.0932575 8786432
1264 0.07381250000000072 12781568
1526 0.14074199999999948 18629408
1842 0.18273729999999944 27143712
2222 0.2727506000000002 39498272
2500 0.4032478000000008 50000000
