1 0.002456299999999967 8
2 0.00011029999999978557 32
3 3.500000000000725e-05 72
4 3.4799999999890474e-05 128
5 4.660000000011877e-05 200
6 3.939999999991173e-05 288
7 3.520000000012402e-05 392
9 3.520000000012402e-05 648
11 0.00011280000000013501 968
13 0.0001476000000000255 1352
16 0.0001794000000003848 2048
20 0.0002089999999999037 3200
24 0.00029669999999981655 4608
29 0.0004751999999998979 6728
35 0.0005301000000001999 9800
42 0.0005728000000000399 14112
51 0.0008791999999999689 20808
62 0.0011804999999998067 30752
75 0.0016623999999998418 45000
100 0.002277399999999652 80000
190 0.004761700000000424 288800
200 0.013165799999999894 320000
240 0.00666689999999992 460800
330 0.012728800000000096 871200
360 0.011011199999999999 1036800
400 0.011773500000000325 1280000
490 0.024098000000000397 1920800
500 0.021921599999999763 2000000
540 0.0179225999999999 2332800
596 0.020445399999999836 2841728
719 0.03028979999999981 4135688
868 0.04893150000000013 6027392
900 0.047218699999999725 6480000
1048 0.057067499999999605 8786432
1264 0.08321470000000009 12781568
1526 0.1351572000000001 18629408
1842 0.17662650000000024 27143712
2222 0.288678 39498272
2500 0.3865957 50000000
