1 0.0024713000000016194 8
2 0.00011549999999971305 32
3 3.629999999965605e-05 72
4 4.099999999951365e-05 128
5 3.419999999998424e-05 200
6 3.5799999999142074e-05 288
7 3.889999999984184e-05 392
9 3.690000000133864e-05 648
11 0.00013550000000073226 968
13 0.00014189999999913994 1352
16 0.0001831000000009908 2048
20 0.00021360000000036905 3200
24 0.00028329999999954225 4608
29 0.00039499999999925706 6728
35 0.0006578000000008188 9800
42 0.0005532000000005866 14112
51 0.000831200000000365 20808
62 0.0011365999999988219 30752
75 0.0018793999999999755 45000
100 0.0024516000000005533 80000
190 0.00512769999999918 288800
200 0.006077200000000005 320000
240 0.006192900000000279 460800
330 0.025112000000000023 871200
360 0.022113400000000283 1036800
400 0.012620499999998813 1280000
490 0.020920799999998962 1920800
500 0.016129199999999955 2000000
540 0.024170200000000364 2332800
596 0.020941799999999233 2841728
719 0.03220899999999993 4135688
868 0.03370490000000004 6027392
900 0.047347199999999035 6480000
1048 0.05368930000000027 8786432
1264 0.07506220000000141 12781568
1526 0.12810460000000035 18629408
1842 0.16864049999999864 27143712
2222 0.3009813000000001 39498272
2500 0.37650439999999996 50000000
