1 0.004784200000000016 8
2 0.00014219999999998123 32
3 4.38000000002603e-05 72
4 5.1400000000256796e-05 128
5 4.9100000000024124e-05 200
6 4.390000000009664e-05 288
7 4.949999999981358e-05 392
9 4.5199999999745444e-05 648
11 0.00016980000000010875 968
13 0.0001652000000000875 1352
16 0.00021510000000013463 2048
20 0.00032629999999977954 3200
24 0.0004019999999997914 4608
29 0.0005084000000001865 6728
35 0.0005649000000000903 9800
42 0.0005956999999998658 14112
51 0.0009255000000001345 20808
62 0.0012425000000000352 30752
75 0.001865400000000239 45000
100 0.002631300000000003 80000
190 0.005013900000000238 288800
200 0.005091900000000038 320000
240 0.007146399999999886 460800
330 0.00933420000000007 871200
360 0.02713410000000005 1036800
400 0.01626620000000001 1280000
490 0.033131800000000045 1920800
500 0.01816949999999995 2000000
540 0.019777299999999887 2332800
596 0.027673099999999895 2841728
719 0.03096230000000011 4135688
868 0.039709400000000006 6027392
900 0.0633203 6480000
1048 0.06458429999999993 8786432
1264 0.07758369999999992 12781568
1526 0.11043219999999998 18629408
1842 0.17013049999999996 27143712
2222 0.28416260000000015 39498272
2500 0.39515020000000023 50000000
