1 0.0002469999999999972 8
2 6.849999999991585e-05 32
3 4.119999999996349e-05 72
4 3.290000000000237e-05 128
5 3.290000000000237e-05 200
6 3.140000000001475e-05 288
7 4.579999999998474e-05 392
9 3.88000000000055e-05 648
11 0.00020459999999999923 968
13 0.00012250000000002537 1352
16 0.00021439999999994797 2048
20 0.0003937999999999997 3200
24 0.0004059000000000701 4608
29 0.00047229999999998107 6728
35 0.0006893000000000038 9800
42 0.0008785000000000043 14112
51 0.0008588000000000484 20808
62 0.0011957999999999691 30752
75 0.0022564999999999946 45000
100 0.002623000000000042 80000
190 0.00563250000000004 288800
200 0.005137199999999953 320000
240 0.010119299999999942 460800
330 0.0097661 871200
360 0.014346999999999999 1036800
400 0.01431950000000004 1280000
490 0.032746800000000076 1920800
500 0.01845859999999999 2000000
540 0.02430880000000002 2332800
596 0.023073200000000016 2841728
719 0.027575899999999987 4135688
868 0.03781570000000012 6027392
900 0.04228009999999993 6480000
1048 0.056279499999999816 8786432
1264 0.07905230000000008 12781568
1526 0.1237706999999999 18629408
1842 0.176369 27143712
2222 0.27473440000000005 39498272
2500 0.39375270000000007 50000000
