1 0.002468600000000265 8
2 0.00010699999999985721 32
3 3.460000000021779e-05 72
4 3.4300000000264674e-05 128
5 3.349999999979758e-05 200
6 3.509999999984359e-05 288
7 3.419999999998424e-05 392
9 3.790000000059024e-05 648
11 0.00013790000000035718 968
13 0.00014960000000030504 1352
16 0.00022689999999947474 2048
20 0.0002455000000001206 3200
24 0.0003352999999997053 4608
29 0.00045399999999951035 6728
35 0.0005296999999995222 9800
42 0.0007554000000000727 14112
51 0.0008879999999997779 20808
62 0.001359200000000449 30752
75 0.001932599999999951 45000
100 0.002311799999999309 80000
190 0.004794799999999988 288800
200 0.005141799999999641 320000
240 0.01029250000000026 460800
330 0.01051489999999955 871200
360 0.025965900000000097 1036800
400 0.013891899999999957 1280000
490 0.023636499999999394 1920800
500 0.015721000000000096 2000000
540 0.036398300000000106 2332800
596 0.019761599999999824 2841728
719 0.0380079999999996 4135688
868 0.03644850000000055 6027392
900 0.03438889999999972 6480000
1048 0.051678400000000124 8786432
1264 0.07421919999999993 12781568
1526 0.10806559999999976 18629408
1842 0.1815389000000005 27143712
2222 0.2729860000000004 39498272
2500 0.3963497 50000000
