2 4.0149999999994356e-05
5 4.302000000000472e-05
10 6.046000000000107e-05
12 6.746999999999725e-05
15 0.0001049099999999914
20 0.00010681999999999637
30 0.00013599000000000805
40 0.0009582099999999871
45 0.0011258199999999996
50 0.0012270699999999968
55 0.0013627500000000015
60 0.001406340000000028
75 0.0029012200000000377
100 0.003899249999999954
125 0.00500575999999997
160 0.006887239999999917
190 0.008923399999999937
200 0.00995840000000019
250 0.012774970000000163
300 0.016826029999999915
