2 3.2530000000008384e-05
5 3.5279999999998646e-05
10 5.0520000000003894e-05
12 6.170000000000897e-05
15 8.831000000000255e-05
20 0.00010035999999999934
30 0.00019776000000000792
40 0.0011061000000000044
45 0.0013008400000000143
50 0.0014481899999999825
55 0.0016945499999999948
60 0.001891189999999965
75 0.0033143999999999617
100 0.0053529800000000185
125 0.007267079999999937
160 0.011973369999999938
190 0.016691800000000034
200 0.019240070000000033
250 0.029948289999999832
300 0.04436757999999976
