2 6.36300000000034e-05
5 6.0720000000014096e-05
10 6.21100000000041e-05
12 6.821999999999662e-05
15 9.062000000000237e-05
20 8.940000000000059e-05
30 0.00011108000000000229
40 0.0009085699999999919
45 0.0009632299999999927
50 0.0010319899999999937
55 0.0011721799999999893
60 0.0012752499999999722
75 0.002268659999999989
100 0.0035957099999999855
125 0.004855180000000003
160 0.007095519999999978
190 0.011793420000000054
200 0.012263249999999903
250 0.015618560000000059
300 0.020016230000000235
