2 3.419000000000616e-05
5 3.6960000000002546e-05
10 5.384999999998308e-05
12 6.120999999999488e-05
15 9.876000000000329e-05
20 0.00010273000000001752
30 0.00020002000000000076
40 0.0011384500000000074
45 0.0012676300000000196
50 0.001490160000000007
55 0.001762549999999985
60 0.0019484200000000173
75 0.00337708000000001
100 0.005334669999999986
125 0.007196899999999973
160 0.011829580000000072
190 0.017179960000000084
200 0.01947554000000009
250 0.028947959999999995
300 0.04414458000000003
