2 4.527000000000281e-05
5 4.4440000000001147e-05
10 6.154999999999355e-05
12 6.955000000000156e-05
15 0.0001103499999999924
20 0.00010871000000001741
30 0.00014993999999998175
40 0.0009778800000000087
45 0.0011541699999999765
50 0.0012184600000000102
55 0.0013583199999999906
60 0.0014177599999999901
75 0.0029692200000000168
100 0.004192789999999969
125 0.005310519999999963
160 0.007236989999999999
190 0.009560699999999932
200 0.010474080000000097
250 0.013813840000000166
300 0.018276230000000115
