2 3.9009999999994885e-05
5 3.94799999999973e-05
10 5.682999999999661e-05
12 6.437000000000803e-05
15 0.00010368000000001154
20 0.00010475999999999819
30 0.00020550999999999764
40 0.0011375000000000024
45 0.00130382
50 0.0014126500000000042
55 0.0017635999999999874
60 0.0019022499999999832
75 0.0032996100000000305
100 0.005103460000000015
125 0.00697285999999997
160 0.011580709999999961
190 0.01629689000000001
200 0.01835818999999992
250 0.028328719999999842
300 0.04393661999999976
