2 4.4269999999996254e-05
5 4.7559999999996495e-05
10 5.591000000001456e-05
12 6.136000000000474e-05
15 8.613000000000093e-05
20 8.567000000000435e-05
30 0.00010568000000000244
40 0.0008768200000000114
45 0.0009194699999999667
50 0.001030669999999978
55 0.0012558899999999928
60 0.0012220200000000125
75 0.002191759999999987
100 0.00327086999999997
125 0.004376840000000026
160 0.006845740000000067
190 0.010958559999999905
200 0.011354650000000088
250 0.014859809999999918
300 0.019624509999999696
