2 4.1490000000005134e-05
5 3.971000000000391e-05
10 5.4000000000004043e-05
12 6.416999999999672e-05
15 9.532999999999348e-05
20 0.00010101999999999612
30 0.00019977999999999386
40 0.0011294699999999768
45 0.0012907400000000124
50 0.0014244999999999842
55 0.0016789000000000053
60 0.0019134100000000043
75 0.0032691399999999816
100 0.005138809999999938
125 0.007027240000000034
160 0.011974550000000006
190 0.016306889999999852
200 0.018625829999999864
250 0.028724720000000214
300 0.04344257000000003
