2 4.243999999998804e-05
5 5.0789999999995006e-05
10 5.658000000000607e-05
12 6.145999999999651e-05
15 9.069000000000993e-05
20 8.883000000000086e-05
30 0.00010651999999999328
40 0.0008558200000000127
45 0.0009498300000000071
50 0.0010619099999999882
55 0.0011961699999999853
60 0.0011942000000000007
75 0.002175889999999958
100 0.003238239999999948
125 0.004434819999999973
160 0.006721629999999967
190 0.010801049999999979
200 0.011471639999999894
250 0.014976629999999958
300 0.01959584999999988
