1 0.0025575999999998267 6
2 0.00012100000000003774 24
3 3.6500000000216914e-05 54
4 3.5899999999866594e-05 96
5 3.529999999996036e-05 150
6 4.0400000000051506e-05 216
7 4.010000000009839e-05 294
9 4.4200000000049755e-05 486
11 0.00011820000000017927 726
13 0.00010660000000006775 1014
16 0.0001609999999998557 1536
20 0.00023490000000014888 2400
24 0.00031010000000009086 3456
29 0.00043039999999994194 5046
35 0.0006302999999996395 7350
42 0.0007331999999999894 10584
51 0.0012395999999998963 15606
62 0.001218199999999836 23064
75 0.0018479000000000134 33750
100 0.0027273999999999354 60000
190 0.005277100000000257 216600
200 0.005862699999999776 240000
240 0.006250599999999995 345600
330 0.0115896000000002 653400
360 0.012603199999999593 777600
400 0.013947299999999885 960000
490 0.018126200000000203 1440600
500 0.017750600000000283 1500000
540 0.01900410000000008 1749600
596 0.020527100000000242 2131296
719 0.029162700000000097 3101766
868 0.037021699999999935 4520544
900 0.047143399999999946 4860000
1048 0.05228359999999954 6589824
1264 0.08254800000000007 9586176
1526 0.1282988000000005 13972056
1842 0.18311600000000006 20357784
2222 0.27575349999999954 29623704
2500 0.3832918999999997 37500000
