1 0.0050907000000000036 6
2 0.0006882000000000277 24
3 0.0001162999999999581 54
4 5.919999999992598e-05 96
5 5.5299999999980365e-05 150
6 5.6900000000026374e-05 216
7 5.460000000001575e-05 294
9 6.679999999992248e-05 486
11 0.0021932000000000063 726
13 0.00017690000000003536 1014
16 0.00018540000000000223 1536
20 0.0003322000000000047 2400
24 0.00037480000000000846 3456
29 0.00041130000000000333 5046
35 0.0006447000000000536 7350
42 0.0006412000000000084 10584
51 0.0008985999999999716 15606
62 0.0011077999999999921 23064
75 0.003256099999999984 33750
100 0.0028519999999999657 60000
190 0.0060506999999999644 216600
200 0.005407099999999998 240000
240 0.017657000000000034 345600
330 0.0154995 653400
360 0.021617899999999968 777600
400 0.013317899999999994 960000
490 0.020972699999999955 1440600
500 0.020890999999999993 1500000
540 0.030724500000000043 1749600
596 0.024424800000000024 2131296
719 0.041474300000000075 3101766
868 0.03874860000000013 4520544
900 0.04218079999999991 4860000
1048 0.057990899999999845 6589824
1264 0.0743566 9586176
1526 0.11576259999999983 13972056
1842 0.18284199999999995 20357784
2222 0.2967538999999999 29623704
2500 0.4106394999999998 37500000
