1 0.0027825999999997464 6
2 0.00011860000000041282 24
3 4.239999999988697e-05 54
4 5.6799999999412876e-05 96
5 4.3099999999185457e-05 150
6 5.3499999999928605e-05 216
7 5.2799999998853764e-05 294
9 5.499999999969418e-05 486
11 0.00016740000000048383 726
13 0.00016429999999978406 1014
16 0.00021869999999957201 1536
20 0.0002721999999995006 2400
24 0.0005395999999997514 3456
29 0.0009057999999999566 5046
35 0.0005427000000004512 7350
42 0.0007273999999988234 10584
51 0.0008575000000003996 15606
62 0.0013514000000007798 23064
75 0.002339000000000979 33750
100 0.002547599999999761 60000
190 0.004964000000001079 216600
200 0.005760499999999169 240000
240 0.006878500000000898 345600
330 0.010942100000001176 653400
360 0.01243780000000072 777600
400 0.013789499999999677 960000
490 0.01925059999999945 1440600
500 0.01937380000000033 1500000
540 0.019881099999999208 1749600
596 0.02653960000000133 2131296
719 0.031684800000000735 3101766
868 0.04440469999999941 4520544
900 0.05741120000000066 4860000
1048 0.052780500000000785 6589824
1264 0.07781269999999907 9586176
1526 0.12110490000000063 13972056
1842 0.1820200000000014 20357784
2222 0.2786509000000006 29623704
2500 0.392347599999999 37500000
