1 0.0028623000000003174 6
2 0.00014749999999885688 24
3 3.680000000017003e-05 54
4 3.779999999942163e-05 96
5 3.629999999965605e-05 150
6 3.799999999998249e-05 216
7 3.700000000073089e-05 294
9 3.829999999993561e-05 486
11 0.00014990000000025816 726
13 0.00013570000000129312 1014
16 0.0001791000000004317 1536
20 0.00024239999999942086 2400
24 0.000313099999999622 3456
29 0.00042389999999947747 5046
35 0.0005481999999989995 7350
42 0.0006356999999983515 10584
51 0.0009003999999990242 15606
62 0.0013769000000003473 23064
75 0.0022351999999994376 33750
100 0.0024658999999989106 60000
190 0.005197100000000177 216600
200 0.007017699999998683 240000
240 0.007246399999999653 345600
330 0.01108029999999971 653400
360 0.014148599999998623 777600
400 0.01511950000000084 960000
490 0.017212999999999923 1440600
500 0.017418100000000436 1500000
540 0.017911599999999694 1749600
596 0.02213259999999906 2131296
719 0.029275500000000676 3101766
868 0.03816540000000046 4520544
900 0.04198719999999945 4860000
1048 0.05649879999999996 6589824
1264 0.0940764999999999 9586176
1526 0.12274990000000052 13972056
1842 0.1711778000000006 20357784
2222 0.2763505000000013 29623704
2500 0.4027168000000003 37500000
