1 0.002712099999999662 6
2 0.00014130000000012188 24
3 3.719999999995949e-05 54
4 3.630000000010014e-05 96
5 3.520000000012402e-05 150
6 3.719999999995949e-05 216
7 3.5999999999702936e-05 294
9 3.7099999999679056e-05 486
11 0.00011410000000022791 726
13 0.00010989999999999611 1014
16 0.00017980000000017426 1536
20 0.0020975999999999217 2400
24 0.0004641000000003004 3456
29 0.0003849000000002434 5046
35 0.0004851000000001271 7350
42 0.0005936999999995862 10584
51 0.0014979999999997773 15606
62 0.0014335999999999238 23064
75 0.0018837000000000437 33750
100 0.0026870999999997203 60000
190 0.005165400000000098 216600
200 0.00507470000000021 240000
240 0.008282700000000087 345600
330 0.013034600000000118 653400
360 0.017129300000000125 777600
400 0.019505600000000012 960000
490 0.0178771000000002 1440600
500 0.016646800000000184 1500000
540 0.017643000000000075 1749600
596 0.028791299999999964 2131296
719 0.032732000000000205 3101766
868 0.03967300000000007 4520544
900 0.04071209999999992 4860000
1048 0.05567280000000041 6589824
1264 0.08620029999999979 9586176
1526 0.1197629 13972056
1842 0.19623709999999983 20357784
2222 0.2975321999999996 29623704
2500 0.4021931000000003 37500000
