1 0.002672300000000405 6
2 0.00011960000000144078 24
3 3.630000000143241e-05 54
4 3.4799999999890474e-05 96
5 3.489999999928273e-05 150
6 3.6500000000216914e-05 216
7 3.5799999999142074e-05 294
9 3.6500000000216914e-05 486
11 0.00013669999999876836 726
13 0.00015720000000030154 1014
16 0.00020080000000000098 1536
20 0.0002195000000000391 2400
24 0.00031659999999966715 3456
29 0.0004641000000003004 5046
35 0.0005207000000009288 7350
42 0.000653899999999652 10584
51 0.0011652000000008655 15606
62 0.0013639999999988106 23064
75 0.0031584000000002277 33750
100 0.0034317000000001485 60000
190 0.005237000000001046 216600
200 0.005691499999999294 240000
240 0.014749000000000123 345600
330 0.0179582000000007 653400
360 0.015615100000001547 777600
400 0.016750099999999435 960000
490 0.024942099999998746 1440600
500 0.016631900000000144 1500000
540 0.020614500000000646 1749600
596 0.022426299999999344 2131296
719 0.02863879999999952 3101766
868 0.04814490000000049 4520544
900 0.03882759999999941 4860000
1048 0.0566519999999997 6589824
1264 0.08729879999999923 9586176
1526 0.10922710000000002 13972056
1842 0.1758217000000002 20357784
2222 0.31976030000000044 29623704
2500 0.40254939999999984 37500000
