1 0.002559599999999662 6
2 0.00011979999999844892 24
3 3.7800000001197986e-05 54
4 3.689999999956228e-05 96
5 3.6100000000871546e-05 150
6 3.790000000059024e-05 216
7 3.730000000068401e-05 294
9 3.7200000001291755e-05 486
11 0.0001241999999983534 726
13 0.00014020000000058985 1014
16 0.00017889999999987083 1536
20 0.00022470000000041068 2400
24 0.00031919999999985293 3456
29 0.0004457999999996076 5046
35 0.0005766000000004823 7350
42 0.0008868999999993576 10584
51 0.0008952999999998212 15606
62 0.0012895999999997798 23064
75 0.002279299999999651 33750
100 0.0025908000000001152 60000
190 0.006256199999999268 216600
200 0.007781800000000061 240000
240 0.007551000000001196 345600
330 0.010200199999999882 653400
360 0.010883299999999707 777600
400 0.015622599999998599 960000
490 0.020916500000000227 1440600
500 0.017998099999999795 1500000
540 0.022721000000000657 1749600
596 0.034709899999999294 2131296
719 0.030739699999999814 3101766
868 0.04167840000000034 4520544
900 0.04399979999999992 4860000
1048 0.060177299999999434 6589824
1264 0.08940289999999962 9586176
1526 0.11917799999999978 13972056
1842 0.18673609999999918 20357784
2222 0.310157199999999 29623704
2500 0.3927074000000008 37500000
