1 0.002536100000000374 6
2 0.0001239999999995689 24
3 3.740000000007626e-05 54
4 3.680000000017003e-05 96
5 3.62000000002638e-05 150
6 3.71999999995154e-05 216
7 3.859999999988872e-05 294
9 3.8699999999280976e-05 486
11 0.00014119999999984145 726
13 0.00016240000000067312 1014
16 0.00020280000000028053 1536
20 0.00025190000000030466 2400
24 0.0006357000000001278 3456
29 0.0003638000000005803 5046
35 0.0010924000000009926 7350
42 0.0006656999999989921 10584
51 0.0009993000000001473 15606
62 0.00129129999999833 23064
75 0.0019615999999995637 33750
100 0.0027863000000003524 60000
190 0.005356100000000197 216600
200 0.0054288000000006775 240000
240 0.006728400000000079 345600
330 0.011016299999999646 653400
360 0.014786399999998423 777600
400 0.014903199999999117 960000
490 0.0181325999999995 1440600
500 0.01830449999999928 1500000
540 0.01921849999999914 1749600
596 0.02201780000000042 2131296
719 0.026296700000001394 3101766
868 0.04702310000000054 4520544
900 0.044664799999999616 4860000
1048 0.05668140000000044 6589824
1264 0.07588919999999888 9586176
1526 0.11649170000000098 13972056
1842 0.19034489999999948 20357784
2222 0.3053708999999998 29623704
2500 0.3828592999999998 37500000
