1 0.0025360000000000937 6
2 0.00011980000000022528 24
3 3.62000000002638e-05 54
4 3.560000000035757e-05 96
5 3.5500000000077137e-05 150
6 3.720000000040358e-05 216
7 4.070000000044871e-05 294
9 3.789999999970206e-05 486
11 0.00011779999999994573 726
13 0.00011920000000031905 1014
16 0.00023959999999956239 1536
20 0.00023230000000040718 2400
24 0.00042049999999971277 3456
29 0.0016439999999997568 5046
35 0.0007750999999993624 7350
42 0.000638699999999659 10584
51 0.0008503000000006367 15606
62 0.0014283999999999963 23064
75 0.00197230000000026 33750
100 0.002797400000000394 60000
190 0.005387699999999995 216600
200 0.006038399999999555 240000
240 0.006332200000000121 345600
330 0.011873600000000373 653400
360 0.01574529999999985 777600
400 0.01650409999999969 960000
490 0.02106669999999955 1440600
500 0.01814090000000057 1500000
540 0.01886789999999916 1749600
596 0.023899400000000348 2131296
719 0.02760739999999995 3101766
868 0.03694410000000037 4520544
900 0.039326299999999925 4860000
1048 0.05421560000000003 6589824
1264 0.07499259999999985 9586176
1526 0.1175493000000003 13972056
1842 0.1770201 20357784
2222 0.2840436000000004 29623704
2500 0.4637015999999994 37500000
