1 0.003104900000000299 6
2 0.00013069999999970605 24
3 5.2900000000022374e-05 54
4 5.0799999999462386e-05 96
5 4.839999999983746e-05 150
6 5.550000000020816e-05 216
7 5.309999999969506e-05 294
9 4.8099999999884346e-05 486
11 0.0001326999999999856 726
13 0.00015140000000002374 1014
16 0.0002582999999996005 1536
20 0.0002981000000001899 2400
24 0.000370699999999502 3456
29 0.00044510000000030914 5046
35 0.0005778000000002947 7350
42 0.0007896000000000569 10584
51 0.0008705000000004404 15606
62 0.0014079999999996318 23064
75 0.0018682000000005416 33750
100 0.0025338000000001415 60000
190 0.0050248000000001625 216600
200 0.014948300000000359 240000
240 0.007070600000000482 345600
330 0.010393999999999792 653400
360 0.020650999999999975 777600
400 0.011805999999999983 960000
490 0.03242920000000016 1440600
500 0.017210300000000345 1500000
540 0.03960819999999998 1749600
596 0.02477689999999999 2131296
719 0.02932440000000014 3101766
868 0.03935949999999977 4520544
900 0.03810120000000072 4860000
1048 0.06084800000000001 6589824
1264 0.08454479999999975 9586176
1526 0.11771639999999994 13972056
1842 0.19727790000000045 20357784
2222 0.30279019999999957 29623704
2500 0.4000484000000002 37500000
