1 0.006582200000000427 16
2 0.0001566000000003953 64
3 4.96000000005381e-05 144
4 5.039999999922884e-05 256
5 4.8599999999510146e-05 400
6 4.709999999974457e-05 576
7 3.960000000091668e-05 784
9 4.000000000026205e-05 1296
11 4.410000000021341e-05 1936
13 5.1900000000770774e-05 2704
16 4.7500000000866294e-05 4096
20 0.00015609999999988133 6400
24 0.00017099999999992122 9216
29 0.000286400000000242 13456
35 0.0003094000000007924 19600
42 0.0003676000000005786 28224
51 0.0005929000000008955 41616
62 0.0008446000000006393 61504
75 0.0014929999999999666 90000
100 0.0017230999999995333 160000
190 0.004081199999999896 577600
200 0.0039511999999994885 640000
240 0.005151899999999543 921600
330 0.008787299999999831 1742400
360 0.01341919999999952 2073600
400 0.009854599999998825 2560000
490 0.023377599999999887 3841600
500 0.01453799999999994 4000000
540 0.03127190000000013 4665600
596 0.03171200000000063 5683456
719 0.02926479999999998 8271376
868 0.04454920000000051 12054784
900 0.0505665000000004 12960000
1048 0.07185789999999947 17572864
1264 0.1015833999999991 25563136
1526 0.1711696000000007 37258816
1842 0.28846159999999976 54287424
2222 0.5008646999999993 78996544
2500 0.7250554999999999 100000000
