1 0.004566099999999906 16
2 0.00014380000000002724 64
3 3.179999999991523e-05 144
4 3.310000000000812e-05 256
5 3.0999999999892225e-05 400
6 2.9899999999916105e-05 576
7 3.1600000000242545e-05 784
9 3.179999999991523e-05 1296
11 3.2599999999938234e-05 1936
13 3.4299999999820585e-05 2704
16 4.6400000000001995e-05 4096
20 0.00013370000000012539 6400
24 0.00016959999999999198 9216
29 0.0003087000000001616 13456
35 0.0003226000000000617 19600
42 0.00045269999999986155 28224
51 0.0005961000000000993 41616
62 0.0011553000000001923 61504
75 0.0019032999999999412 90000
100 0.0018432999999999922 160000
190 0.0038402999999997967 577600
200 0.004250299999999818 640000
240 0.005143800000000365 921600
330 0.008967600000000076 1742400
360 0.009870499999999893 2073600
400 0.01136349999999986 2560000
490 0.015126100000000253 3841600
500 0.01656179999999985 4000000
540 0.0175099000000003 4665600
596 0.019147900000000107 5683456
719 0.030360100000000223 8271376
868 0.047973400000000055 12054784
900 0.05038980000000004 12960000
1048 0.06482419999999989 17572864
1264 0.11237429999999993 25563136
1526 0.1830763000000002 37258816
1842 0.2738042000000003 54287424
2222 0.4691139999999998 78996544
2500 0.6534486999999993 100000000
