1 0.00462510000000016 16
2 0.00011710000000064724 64
3 3.300000000017178e-05 144
4 3.34999999989094e-05 256
5 3.1599999999798456e-05 400
6 3.0899999998723615e-05 576
7 3.129999999984534e-05 784
9 3.23000000008733e-05 1296
11 3.310000000134039e-05 1936
13 3.509999999984359e-05 2704
16 3.799999999998249e-05 4096
20 0.0001937999999999107 6400
24 0.0002481000000003064 9216
29 0.0003533999999998372 13456
35 0.00044300000000063733 19600
42 0.0004597000000003959 28224
51 0.0006173000000000428 41616
62 0.0008899000000006652 61504
75 0.0014115999999990692 90000
100 0.0018542999999997534 160000
190 0.004226000000000951 577600
200 0.0045482999999997276 640000
240 0.005031699999999972 921600
330 0.009069399999999561 1742400
360 0.009681299999998672 2073600
400 0.010935399999999262 2560000
490 0.021040099999998674 3841600
500 0.014851900000000029 4000000
540 0.017945199999999772 4665600
596 0.027616099999999477 5683456
719 0.031047900000000794 8271376
868 0.047840300000000724 12054784
900 0.04786980000000085 12960000
1048 0.06536840000000055 17572864
1264 0.10633439999999972 25563136
1526 0.17285910000000015 37258816
1842 0.29119780000000084 54287424
2222 0.5152500999999994 78996544
2500 0.7643525999999987 100000000
