1 0.0046493000000005225 16
2 0.00012209999999956977 64
3 3.2100000000312434e-05 144
4 3.3800000000638875e-05 256
5 3.120000000045309e-05 400
6 3.059999999965868e-05 576
7 3.030000000059374e-05 784
9 3.2100000000312434e-05 1296
11 3.339999999951715e-05 1936
13 3.400000000031156e-05 2704
16 3.7100000000123146e-05 4096
20 0.00019709999999939498 6400
24 0.0002019000000004212 9216
29 0.00027470000000029415 13456
35 0.00030429999999981305 19600
42 0.00043930000000003133 28224
51 0.0005559999999995568 41616
62 0.0007941999999996341 61504
75 0.001371500000000303 90000
100 0.001684599999999925 160000
190 0.0036141000000000645 577600
200 0.003886500000000126 640000
240 0.005186000000000135 921600
330 0.01269389999999948 1742400
360 0.012528900000000398 2073600
400 0.01034609999999958 2560000
490 0.01479819999999954 3841600
500 0.014805100000000238 4000000
540 0.021087500000000148 4665600
596 0.020711399999999713 5683456
719 0.03171820000000025 8271376
868 0.04090930000000004 12054784
900 0.048743500000000495 12960000
1048 0.06568220000000036 17572864
1264 0.11345579999999966 25563136
1526 0.18582229999999988 37258816
1842 0.2819509999999994 54287424
2222 0.4776285999999992 78996544
2500 0.6576623000000001 100000000
