1 0.004612000000001615 16
2 0.00012229999999924246 64
3 3.15000000004062e-05 144
4 3.219999999970469e-05 256
5 3.0200000001201488e-05 400
6 2.970000000068751e-05 576
7 2.9699999998911153e-05 784
9 3.0999999999892225e-05 1296
11 3.15000000004062e-05 1936
13 3.3699999999470265e-05 2704
16 3.609999999909519e-05 4096
20 0.000143700000000635 6400
24 0.00016359999999870922 9216
29 0.0002931999999997714 13456
35 0.00044120000000091864 19600
42 0.0004173999999999012 28224
51 0.0005932000000008486 41616
62 0.0008672999999994602 61504
75 0.0016330999999993878 90000
100 0.0017545000000005473 160000
190 0.004238599999998982 577600
200 0.003688600000000264 640000
240 0.00521029999999989 921600
330 0.009256499999999335 1742400
360 0.02091300000000018 2073600
400 0.015670899999999932 2560000
490 0.013259500000000202 3841600
500 0.014363499999999974 4000000
540 0.021959599999998858 4665600
596 0.020108699999999757 5683456
719 0.02890619999999977 8271376
868 0.041665300000000016 12054784
900 0.045640600000000475 12960000
1048 0.07516549999999889 17572864
1264 0.10263609999999979 25563136
1526 0.16886709999999994 37258816
1842 0.2820305000000012 54287424
2222 0.48555930000000025 78996544
2500 0.6783632999999991 100000000
