1 0.004702100000002929 16
2 0.00013300000000171508 64
3 3.829999999993561e-05 144
4 3.860000000344144e-05 256
5 3.870000000105733e-05 400
6 3.5900000000310683e-05 576
7 3.6399999999048305e-05 784
9 3.740000000007626e-05 1296
11 3.859999999988872e-05 1936
13 4.030000000199152e-05 2704
16 4.350000000030718e-05 4096
20 0.00018790000000024065 6400
24 0.0002516999999997438 9216
29 0.00026210000000048694 13456
35 0.0022918999999994583 19600
42 0.0005731000000004371 28224
51 0.0006140999999999508 41616
62 0.002788800000001146 61504
75 0.001659700000001152 90000
100 0.0017922999999981926 160000
190 0.003883399999999426 577600
200 0.006987800000000988 640000
240 0.005452900000001648 921600
330 0.010682700000000267 1742400
360 0.009823300000000756 2073600
400 0.010684300000001201 2560000
490 0.02246690000000129 3841600
500 0.015344899999998773 4000000
540 0.017381799999999004 4665600
596 0.026076600000003225 5683456
719 0.029085199999997258 8271376
868 0.04319070000000025 12054784
900 0.04896979999999829 12960000
1048 0.0674161999999967 17572864
1264 0.1116739000000031 25563136
1526 0.1863121999999997 37258816
1842 0.31863189999999975 54287424
2222 0.5427645999999982 78996544
2500 0.8324769999999972 100000000
