1 0.005057099999998371 16
2 0.00012919999999994047 64
3 3.1200000002229444e-05 144
4 3.1700000000967066e-05 256
5 2.9600000001295257e-05 400
6 2.8799999999051806e-05 576
7 2.9399999998958037e-05 784
9 3.470000000049822e-05 1296
11 3.069999999993911e-05 1936
13 3.2400000002041907e-05 2704
16 3.960000000091668e-05 4096
20 0.00015700000000151704 6400
24 0.0002001999999983184 9216
29 0.00027229999999889287 13456
35 0.0014810999999994579 19600
42 0.0005469999999974107 28224
51 0.0006915999999996814 41616
62 0.0009546000000000276 61504
75 0.001910999999999774 90000
100 0.001724899999999252 160000
190 0.003935599999998374 577600
200 0.004859599999999631 640000
240 0.0050728000000006546 921600
330 0.009525500000002296 1742400
360 0.01002109999999945 2073600
400 0.01240410000000125 2560000
490 0.017395900000000353 3841600
500 0.025651700000000943 4000000
540 0.015470300000000492 4665600
596 0.01878250000000037 5683456
719 0.030309700000000106 8271376
868 0.04523539999999926 12054784
900 0.047523899999998065 12960000
1048 0.06784970000000001 17572864
1264 0.10605239999999938 25563136
1526 0.17142009999999885 37258816
1842 0.30622809999999845 54287424
2222 0.545446799999997 78996544
2500 0.8020662999999999 100000000
