1 0.004593300000001577 16
2 0.00012240000000041107 64
3 3.0299999998817384e-05 144
4 3.1700000000967066e-05 256
5 2.9500000000126647e-05 400
6 2.8699999999659553e-05 576
7 2.95999999995189e-05 784
9 3.0299999998817384e-05 1296
11 3.0499999999378247e-05 1936
13 3.23000000008733e-05 2704
16 3.519999999923584e-05 4096
20 0.00018929999999883762 6400
24 0.00026199999999931833 9216
29 0.0003296000000005961 13456
35 0.0003766999999985643 19600
42 0.00046769999999973777 28224
51 0.0005962000000003798 41616
62 0.0009077000000008439 61504
75 0.001641100000000506 90000
100 0.002069099999999935 160000
190 0.004450799999998978 577600
200 0.005333100000001423 640000
240 0.005252800000000946 921600
330 0.009267799999999937 1742400
360 0.009897500000001003 2073600
400 0.010403199999998947 2560000
490 0.01374120000000012 3841600
500 0.016707600000000156 4000000
540 0.015839699999999013 4665600
596 0.019416599999997786 5683456
719 0.029742499999997563 8271376
868 0.04097309999999865 12054784
900 0.04674850000000319 12960000
1048 0.06800979999999868 17572864
1264 0.10743050000000309 25563136
1526 0.17923580000000072 37258816
1842 0.2895992000000014 54287424
2222 0.5244476999999996 78996544
2500 0.7850636999999985 100000000
