1 0.00022409999999994934 16
2 7.340000000000124e-05 64
3 3.7899999999924106e-05 144
4 2.959999999996299e-05 256
5 3.0799999999997496e-05 400
6 2.979999999996874e-05 576
7 3.0499999999933358e-05 784
9 3.1899999999973616e-05 1296
11 3.199999999992098e-05 1936
13 3.1899999999973616e-05 2704
16 4.179999999998074e-05 4096
20 0.00025249999999998884 6400
24 0.00025649999999999284 9216
29 0.0003906000000000187 13456
35 0.0004653000000000018 19600
42 0.0004798000000000302 28224
51 0.0006123999999999574 41616
62 0.0008768999999999583 61504
75 0.0015007000000000215 90000
100 0.0017734999999999834 160000
190 0.003763600000000089 577600
200 0.0035865999999999953 640000
240 0.0053210999999999675 921600
330 0.008171599999999946 1742400
360 0.02201210000000009 2073600
400 0.010662700000000025 2560000
490 0.01871680000000009 3841600
500 0.013970199999999933 4000000
540 0.0214513999999999 4665600
596 0.017651399999999984 5683456
719 0.028843700000000028 8271376
868 0.043388300000000046 12054784
900 0.04782059999999988 12960000
1048 0.06783800000000006 17572864
1264 0.1066433 25563136
1526 0.18578509999999993 37258816
1842 0.2842015 54287424
2222 0.46337079999999986 78996544
2500 0.6769130000000003 100000000
