1 0.004638800000000387 16
2 0.0001223999999995229 64
3 3.2000000000032e-05 144
4 3.219999999970469e-05 256
5 3.1499999999518025e-05 400
6 2.9800000000079763e-05 576
7 3.0399999999985994e-05 784
9 3.1599999999798456e-05 1296
11 3.2700000000218665e-05 1936
13 3.3799999999750696e-05 2704
16 3.6999999999842714e-05 4096
20 0.00012679999999942737 6400
24 0.00016660000000001673 9216
29 0.0002877000000003349 13456
35 0.0003761999999998267 19600
42 0.0004711999999997829 28224
51 0.0006018000000000967 41616
62 0.0007803000000006222 61504
75 0.0013300000000002754 90000
100 0.0019321999999997175 160000
190 0.008365400000000633 577600
200 0.004032099999999872 640000
240 0.005598400000000225 921600
330 0.0149474000000005 1742400
360 0.009392000000000067 2073600
400 0.020318299999999567 2560000
490 0.013978400000000057 3841600
500 0.01781900000000025 4000000
540 0.01582180000000033 4665600
596 0.01996410000000015 5683456
719 0.027623000000000175 8271376
868 0.04321450000000038 12054784
900 0.0530697 12960000
1048 0.06969899999999996 17572864
1264 0.10776509999999995 25563136
1526 0.16962010000000038 37258816
1842 0.27959089999999964 54287424
2222 0.47731809999999975 78996544
2500 0.6430511000000001 100000000
