2 0.0008961000000056174 0.003692300000011528
5 0.0010978999999906591 0.004244200000016463
10 0.0008291999999983091 0.007543599999991102
16 0.0015692000000058215 0.009625999999997248
32 0.0024994999999989886 0.016270999999989044
60 0.0030562999999972362 0.03612860000001206
130 0.009153999999995222 0.07750310000000127
260 0.025001699999990024 0.1497540000000015
550 0.10771660000000338 0.33215670000001296
1050 0.3669999999999902 0.734672900000021
2100 1.4669978000000015 1.9187857999999949
3000 2.889704999999992 3.509760699999987
4000 5.257258900000011 5.678963299999992
