2 9.550000000047021e-05 0.044340300000001776
5 8.830000000159544e-05 0.0001869000000027654
10 9.35999999995829e-05 0.00015199999999992997
16 0.00024899999999661304 0.00034530000000643213
32 0.0002972999999997228 0.0007878000000118845
60 0.000707600000012576 0.002455299999994054
130 0.004115900000002171 0.0070331000000010135
260 0.01599989999999707 0.01654890000000364
550 0.07980120000000568 0.04882920000000013
1050 0.3023282999999992 0.17490089999999725
2100 1.254773599999993 1.1525434000000132
3000 2.5680294999999944 3.3929008000000067
4000 4.646317999999994 7.853774600000008
