2 0.0012509999999963384 0.002782400000000962
5 0.0007667000000139979 0.004124700000005532
10 0.0013024999999800002 0.00869370000000913
16 0.0012959999999964111 0.010414299999979448
32 0.0016836000000068907 0.01950529999999162
60 0.0034328000000130032 0.03305399999999281
130 0.008146100000004708 0.07139259999999581
260 0.024811599999992495 0.15494090000001393
550 0.09845340000001102 0.3391103999999814
1050 0.37206950000000916 0.7032664999999838
2100 1.5386828000000037 1.9941372000000115
3000 2.957136200000008 3.488413900000012
4000 5.439821299999949 5.7403053000000455
