2 0.0008330999999941469 0.0017876999999941745
5 0.0008811000000008562 0.005177799999998456
10 0.0008148000000005595 0.0054118000000045186
16 0.002308299999995711 0.009679000000005544
32 0.002017600000002062 0.01622569999999257
60 0.0037547999999958392 0.03168340000000569
130 0.007802699999999163 0.06544049999999402
260 0.03031430000000057 0.16490429999998923
550 0.11386290000000088 0.3452254000000039
1050 0.3428315000000026 0.7707725000000067
2100 1.4364844999999917 1.925711100000001
3000 2.991009399999996 3.567020999999997
4000 5.313598500000012 5.803697499999998
