2 0.000737099999999824 0.0021162000000001235
5 0.0007798000000001082 0.003957800000000011
10 0.00112750000000017 0.005196800000000001
16 0.0022695999999999827 0.008790799999999876
32 0.0019677000000000167 0.018138499999999835
60 0.0033415000000001083 0.03967809999999994
130 0.010964100000000032 0.07828070000000009
260 0.025059900000000024 0.1501889999999999
550 0.0976600999999997 0.3571898
1050 0.36529299999999987 0.7812989000000004
2100 1.5028664000000003 1.9322093000000002
3000 2.945619699999998 3.3905547000000027
4000 5.496122399999997 5.7531167
