2 7.600000000707041e-05 0.04529320000000325
5 0.00016769999999155516 0.00024250000001302396
10 8.230000000253312e-05 0.00020720000000551408
16 0.00017850000000407817 0.00020860000000766377
32 0.00034809999999652064 0.0007996000000218828
60 0.0012784000000181095 0.004007599999994227
130 0.003618999999986272 0.0052062999999975546
260 0.011778800000001866 0.015556700000018964
550 0.07665559999998095 0.06225670000000605
1050 0.3002304000000038 0.205968299999995
2100 1.2431838999999911 1.1979998000000194
3000 2.6040443999999923 3.2256589000000133
4000 4.552923099999987 7.279050100000006
