2 8.289999999999687e-05 0.0003723999999998284
5 9.630000000004912e-05 0.00019619999999997972
10 9.179999999986421e-05 0.00020459999999999923
16 0.00021460000000006474 0.00041629999999992506
32 0.0006719000000001696 0.0022940999999998546
60 0.0007519000000000275 0.00377879999999986
130 0.004517300000000057 0.007131500000000068
260 0.013667799999999897 0.017714700000000194
550 0.0711033999999997 0.045000300000000326
1050 0.3111767000000003 0.19027709999999987
2100 1.2359655000000007 1.1114403999999993
3000 2.561333900000001 3.1874351999999995
4000 4.636780800000004 7.452549099999999
