2 9.959999999864522e-05 0.04230799999999135
5 7.61000000011336e-05 0.0001629999999863685
10 0.00013650000002485285 0.00017729999999005486
16 0.00015740000000619148 0.00018710000000510263
32 0.00025859999999511274 0.0006411999999897944
60 0.0006844999999771062 0.0019498999999996158
130 0.0029159000000049673 0.005969499999991967
260 0.010883200000023407 0.018943199999995386
550 0.07242010000001642 0.06117899999998144
1050 0.2818618000000015 0.20545359999999846
2100 1.2213252000000239 1.1685176999999953
3000 2.477479699999975 3.5356621000000246
4000 4.616578999999973 7.610751200000038
