1 0.005168899999997478 16
2 0.00012830000000008113 64
3 3.069999999993911e-05 144
4 3.1700000000967066e-05 256
5 2.999999999886427e-05 400
6 2.9500000000126647e-05 576
7 2.9499999996573933e-05 784
9 3.0399999999985994e-05 1296
11 3.0999999999892225e-05 1936
13 3.260000000082641e-05 2704
16 4.889999999946326e-05 4096
20 0.00019049999999865008 6400
24 0.0002500999999988096 9216
29 0.0002957999999999572 13456
35 0.0004352000000018563 19600
42 0.0004497999999983904 28224
51 0.0006297999999986814 41616
62 0.0008878000000009934 61504
75 0.0014319000000000415 90000
100 0.001728999999997427 160000
190 0.003915800000001468 577600
200 0.004049299999998368 640000
240 0.004849499999998841 921600
330 0.00949149999999932 1742400
360 0.010020799999999497 2073600
400 0.010986799999997743 2560000
490 0.014145100000000355 3841600
500 0.020829499999997836 4000000
540 0.016758799999998075 4665600
596 0.021469700000000813 5683456
719 0.028693300000000477 8271376
868 0.044593899999998854 12054784
900 0.04791900000000027 12960000
1048 0.06734960000000001 17572864
1264 0.10589749999999754 25563136
1526 0.17339059999999762 37258816
1842 0.28917399999999915 54287424
2222 0.548366399999999 78996544
2500 0.7637400999999997 100000000
