1 0.004959400000000613 16
2 0.00013590000000007763 64
3 3.680000000017003e-05 144
4 3.1599999999798456e-05 256
5 2.920000000017353e-05 400
6 2.849999999909869e-05 576
7 2.9099999999004922e-05 784
9 2.9600000001295257e-05 1296
11 3.129999999984534e-05 1936
13 3.189999999975157e-05 2704
16 4.919999999941638e-05 4096
20 0.00015920000000235746 6400
24 0.00021519999999952688 9216
29 0.00025480000000044356 13456
35 0.0003147999999981721 19600
42 0.0004804999999983295 28224
51 0.0005831000000000586 41616
62 0.0008404999999989116 61504
75 0.0012946999999989828 90000
100 0.0015623999999974103 160000
190 0.0037799999999990064 577600
200 0.0045506999999993525 640000
240 0.0054480999999988455 921600
330 0.00887780000000049 1742400
360 0.01059190000000143 2073600
400 0.012272400000000516 2560000
490 0.02028449999999893 3841600
500 0.019507999999998304 4000000
540 0.018698999999998023 4665600
596 0.021515599999997193 5683456
719 0.03419140000000098 8271376
868 0.04312969999999794 12054784
900 0.04993729999999985 12960000
1048 0.06852739999999713 17572864
1264 0.10753940000000028 25563136
1526 0.18512980000000212 37258816
1842 0.3142729000000024 54287424
2222 0.6070825999999983 78996544
2500 0.8394070000000013 100000000
