1 0.004699199999999237 16
2 0.00012159999999994398 64
3 3.189999999975157e-05 144
4 3.390000000003113e-05 256
5 3.139999999923759e-05 400
6 2.9699999998911153e-05 576
7 2.970000000068751e-05 784
9 3.15000000004062e-05 1296
11 3.240000000026555e-05 1936
13 3.370000000124662e-05 2704
16 5.3600000001097214e-05 4096
20 0.00016289999999941074 6400
24 0.0001842999999990269 9216
29 0.00025939999999913255 13456
35 0.00025980000000025427 19600
42 0.0004008000000013112 28224
51 0.0005987999999987892 41616
62 0.0007827000000002471 61504
75 0.0013580999999991406 90000
100 0.0016373999999999 160000
190 0.004093400000000358 577600
200 0.0060698999999999614 640000
240 0.006636699999999607 921600
330 0.01619640000000011 1742400
360 0.009868100000000268 2073600
400 0.01097889999999957 2560000
490 0.016320000000000334 3841600
500 0.01796420000000154 4000000
540 0.01688369999999928 4665600
596 0.02815089999999998 5683456
719 0.029398399999999825 8271376
868 0.04154740000000068 12054784
900 0.045534999999999215 12960000
1048 0.0677998000000013 17572864
1264 0.10362560000000087 25563136
1526 0.17337019999999903 37258816
1842 0.284732 54287424
2222 0.48249749999999914 78996544
2500 0.6909684999999985 100000000
