1 0.004821400000000864 16
2 0.00014089999999988834 64
3 3.179999999858296e-05 144
4 3.2700000000218665e-05 256
5 3.0399999999985994e-05 400
6 2.9800000000079763e-05 576
7 3.0600000000546856e-05 784
9 3.410000000059199e-05 1296
11 3.279999999961092e-05 1936
13 3.399999999942338e-05 2704
16 5.260000000006926e-05 4096
20 0.00018599999999935335 6400
24 0.00026180000000053383 9216
29 0.00028649999999963427 13456
35 0.0002550999999986203 19600
42 0.0003519000000000716 28224
51 0.0005396999999991436 41616
62 0.000807700000001077 61504
75 0.0013901000000000607 90000
100 0.001772300000000726 160000
190 0.003508599999999973 577600
200 0.004335899999999171 640000
240 0.005627399999999838 921600
330 0.008855300000000454 1742400
360 0.01574640000000116 2073600
400 0.012071600000000515 2560000
490 0.013786299999999585 3841600
500 0.03344489999999922 4000000
540 0.02520400000000045 4665600
596 0.05285130000000038 5683456
719 0.03299890000000083 8271376
868 0.05211129999999997 12054784
900 0.054912500000000364 12960000
1048 0.06543330000000047 17572864
1264 0.10243540000000095 25563136
1526 0.16983779999999982 37258816
1842 0.28601900000000136 54287424
2222 0.5224612000000004 78996544
2500 0.7341341000000003 100000000
