1 0.005411099999999891 16
2 0.00014050000000009888 64
3 4.3200000000354066e-05 144
4 5.3499999999928605e-05 256
5 4.759999999981446e-05 400
6 3.799999999998249e-05 576
7 3.639999999993648e-05 784
9 4.289999999995686e-05 1296
11 3.6600000000053257e-05 1936
13 4.190000000026117e-05 2704
16 6.200000000022854e-05 4096
20 0.00017090000000008487 6400
24 0.0002132000000001355 9216
29 0.00029300000000009874 13456
35 0.00025159999999990745 19600
42 0.0003611000000001141 28224
51 0.0006599000000000466 41616
62 0.0008993999999997726 61504
75 0.0011556999999999817 90000
100 0.0018946999999998049 160000
190 0.0038616000000000206 577600
200 0.0038154000000001353 640000
240 0.005777300000000096 921600
330 0.008256299999999772 1742400
360 0.010129099999999891 2073600
400 0.011194300000000101 2560000
490 0.01884970000000008 3841600
500 0.016910399999999992 4000000
540 0.020732799999999774 4665600
596 0.020122099999999588 5683456
719 0.04170980000000002 8271376
868 0.04230579999999984 12054784
900 0.049939600000000084 12960000
1048 0.06745620000000008 17572864
1264 0.1122266999999999 25563136
1526 0.17827569999999993 37258816
1842 0.29692510000000016 54287424
2222 0.5199748000000004 78996544
2500 0.7030985000000003 100000000
