1 0.004923400000000022 16
2 0.00014869999999955752 64
3 3.400000000031156e-05 144
4 3.360000000007801e-05 256
5 3.129999999984534e-05 400
6 5.5200000000255045e-05 576
7 6.459999999997024e-05 784
9 3.4799999999890474e-05 1296
11 3.4400000000545106e-05 1936
13 3.459999999932961e-05 2704
16 5.219999999983571e-05 4096
20 0.00016339999999992472 6400
24 0.000154699999999508 9216
29 0.00023869999999970304 13456
35 0.0011776000000001119 19600
42 0.0003892999999992597 28224
51 0.0009628999999993226 41616
62 0.0007917000000006169 61504
75 0.0014084000000007535 90000
100 0.0019105000000001482 160000
190 0.003564100000000181 577600
200 0.004227400000000436 640000
240 0.005184100000000136 921600
330 0.011728399999999972 1742400
360 0.009382399999999791 2073600
400 0.014152000000000164 2560000
490 0.014599699999999771 3841600
500 0.01441179999999953 4000000
540 0.02065830000000002 4665600
596 0.022107399999999444 5683456
719 0.030946399999999485 8271376
868 0.04697249999999986 12054784
900 0.04723200000000016 12960000
1048 0.06612859999999987 17572864
1264 0.11703289999999988 25563136
1526 0.17705980000000032 37258816
1842 0.29668090000000014 54287424
2222 0.5170659999999998 78996544
2500 0.6723233000000004 100000000
