1 0.0002093999999999152 16
2 9.029999999998761e-05 64
3 3.4800000000001496e-05 144
4 2.9500000000015625e-05 256
5 2.709999999994661e-05 400
6 2.740000000001075e-05 576
7 2.7499999999958114e-05 784
9 3.629999999998912e-05 1296
11 3.8999999999900226e-05 1936
13 3.1200000000009e-05 2704
16 7.060000000003175e-05 4096
20 0.00022959999999994096 6400
24 0.00017040000000001498 9216
29 0.0002687000000000106 13456
35 0.00033009999999999984 19600
42 0.00044880000000002696 28224
51 0.0005340000000000344 41616
62 0.0007629000000000108 61504
75 0.0015472999999999182 90000
100 0.0018304000000000098 160000
190 0.003939000000000026 577600
200 0.004270699999999961 640000
240 0.016576100000000094 921600
330 0.008474500000000051 1742400
360 0.012478800000000012 2073600
400 0.01194699999999993 2560000
490 0.019382299999999963 3841600
500 0.014630400000000043 4000000
540 0.01699840000000008 4665600
596 0.018569500000000017 5683456
719 0.031050699999999987 8271376
868 0.06265850000000006 12054784
900 0.04480559999999989 12960000
1048 0.06733290000000003 17572864
1264 0.11132679999999984 25563136
1526 0.18365019999999999 37258816
1842 0.2762586 54287424
2222 0.48424659999999986 78996544
2500 0.6619714999999999 100000000
