1 0.005538099999999879 16
2 0.0001315999999995654 64
3 3.2000000000032e-05 144
4 3.329999999923672e-05 256
5 3.090000000049997e-05 400
6 2.9999999999752447e-05 576
7 3.069999999993911e-05 784
9 3.129999999984534e-05 1296
11 3.24999999996578e-05 1936
13 3.3800000000638875e-05 2704
16 5.199999999927485e-05 4096
20 0.00016189999999927096 6400
24 0.0002085000000002779 9216
29 0.00028019999999973066 13456
35 0.0003989000000004239 19600
42 0.0004052000000003275 28224
51 0.0006098000000003267 41616
62 0.0008179999999997634 61504
75 0.001468599999999931 90000
100 0.0016720000000001178 160000
190 0.004448700000000194 577600
200 0.00388490000000008 640000
240 0.005099299999999474 921600
330 0.00912420000000047 1742400
360 0.00956810000000008 2073600
400 0.013351300000000066 2560000
490 0.016284899999999602 3841600
500 0.014352999999999838 4000000
540 0.01769570000000087 4665600
596 0.023047500000000554 5683456
719 0.02932429999999986 8271376
868 0.045071300000000036 12054784
900 0.049016700000000135 12960000
1048 0.06610929999999993 17572864
1264 0.10675309999999971 25563136
1526 0.18984070000000042 37258816
1842 0.2914764000000005 54287424
2222 0.47828219999999977 78996544
2500 0.6550310999999995 100000000
