1 0.004695399999999239 16
2 0.000131700000000734 64
3 2.9400000000734394e-05 144
4 3.1599999999798456e-05 256
5 2.86000000002673e-05 400
6 2.8099999999753322e-05 576
7 2.8799999999051806e-05 784
9 3.030000000059374e-05 1296
11 3.0899999998723615e-05 1936
13 3.2100000000312434e-05 2704
16 4.8999999998855515e-05 4096
20 0.00017689999999959127 6400
24 0.0002694999999999226 9216
29 0.0003962000000008459 13456
35 0.00030029999999925394 19600
42 0.0005326999999990534 28224
51 0.0005811999999991713 41616
62 0.0007844000000005735 61504
75 0.0012219000000008862 90000
100 0.001512599999999864 160000
190 0.0037003000000002118 577600
200 0.004220700000001187 640000
240 0.005605499999999708 921600
330 0.009143999999999153 1742400
360 0.010498500000000632 2073600
400 0.012315199999999749 2560000
490 0.01429159999999996 3841600
500 0.01442980000000027 4000000
540 0.017834799999999262 4665600
596 0.021012600000000603 5683456
719 0.03154789999999963 8271376
868 0.04587040000000009 12054784
900 0.048259700000000905 12960000
1048 0.06684489999999954 17572864
1264 0.10916809999999977 25563136
1526 0.18250540000000015 37258816
1842 0.29992859999999943 54287424
2222 0.5216531999999994 78996544
2500 0.7615966999999983 100000000
