1 0.005572099999998414 16
2 0.00014919999999918332 64
3 3.9199999999794954e-05 144
4 3.9699999998532576e-05 256
5 2.9900000001248372e-05 400
6 2.920000000017353e-05 576
7 2.8900000000220416e-05 784
9 3.1599999999798456e-05 1296
11 3.140000000101395e-05 1936
13 3.260000000082641e-05 2704
16 4.979999999932261e-05 4096
20 0.00012629999999802521 6400
24 0.00018599999999935335 9216
29 0.0003947000000010803 13456
35 0.0003352999999997053 19600
42 0.0003509999999984359 28224
51 0.0006211000000000411 41616
62 0.0007735000000010928 61504
75 0.0012641000000002123 90000
100 0.001591799999999921 160000
190 0.003792300000000637 577600
200 0.004083500000000129 640000
240 0.005263200000001689 921600
330 0.009378200000000447 1742400
360 0.010078299999999984 2073600
400 0.011812599999998952 2560000
490 0.015987799999997776 3841600
500 0.015797700000000248 4000000
540 0.016324699999998415 4665600
596 0.022497200000000106 5683456
719 0.02880349999999865 8271376
868 0.04848929999999996 12054784
900 0.04733540000000147 12960000
1048 0.06458420000000231 17572864
1264 0.10296019999999828 25563136
1526 0.17563499999999976 37258816
1842 0.3138353000000009 54287424
2222 0.5391248999999974 78996544
2500 0.8033895999999991 100000000
