1 0.006845899999998295 8
2 0.0007967999999998199 32
3 0.0002209000000021888 72
4 0.00034959999999983893 128
5 0.0003700000000002035 200
6 0.0008373000000005959 288
7 0.0013443000000030736 392
9 0.0007196000000000424 648
11 0.0012991000000006636 968
13 0.00034430000000185146 1352
16 0.0002683000000018865 2048
20 0.0004771000000012293 3200
24 0.0006162999999972385 4608
29 0.0017741000000022211 6728
35 0.0011529000000010114 9800
42 0.002138200000000978 14112
51 0.004293900000000406 20808
62 0.005989700000000653 30752
75 0.006117900000003118 45000
100 0.016649900000000883 80000
190 0.01738149999999905 288800
200 0.026845099999999178 320000
240 0.13842849999999984 460800
330 0.10396799999999828 871200
360 0.08816900000000061 1036800
400 0.117483 1280000
490 0.14049140000000193 1920800
500 0.08310820000000163 2000000
540 0.05472430000000017 2332800
596 0.05914160000000024 2841728
719 0.23791470000000103 4135688
868 0.33389810000000253 6027392
900 0.31655860000000047 6480000
1048 0.4195455999999993 8786432
1264 0.5513721999999994 12781568
1526 0.7188638999999988 18629408
1842 0.9984065000000015 27143712
2222 1.8805819000000028 39498272
2500 2.3586224000000016 50000000
