1 0.005221599999998716 8
2 0.0002209000000021888 32
3 9.390000001019416e-05 72
4 0.00017079999999225493 128
5 0.00011120000000630625 200
6 0.00010759999999265801 288
7 0.00012250000000335604 392
9 0.00020959999999092815 648
11 0.0001722999999884678 968
13 0.00016109999999969205 1352
16 0.00018740000000150303 2048
20 0.0003408000000035827 3200
24 0.0003906000000029053 4608
29 0.01728540000000578 6728
35 0.0006716000000039912 9800
42 0.0009177999999963049 14112
51 0.016768500000011954 20808
62 0.04516879999999901 30752
75 0.018535700000001043 45000
100 0.011784800000000928 80000
190 0.051145299999987515 288800
200 0.030140299999999343 320000
240 0.031081200000002696 460800
330 0.04133960000000059 871200
360 0.060115599999988945 1036800
400 0.06027420000000916 1280000
490 0.037933100000003606 1920800
500 0.03152470000000562 2000000
540 0.04847270000000492 2332800
596 0.047961199999988935 2841728
719 0.06319960000000435 4135688
868 0.11213049999999214 6027392
900 0.11229589999999234 6480000
1048 0.15581669999998837 8786432
1264 0.37741599999999664 12781568
1526 0.5636068999999964 18629408
1842 0.8830711999999892 27143712
2222 1.250418499999995 39498272
2500 1.6919943000000046 50000000
