1 0.0059067999999982135 8
2 0.00020769999999714628 32
3 0.00012450000000185923 72
4 0.00012050000000130012 128
5 0.00011220000000022878 200
6 0.00015909999999763613 288
7 0.00014220000000264577 392
9 0.00017590000000211603 648
11 0.00017779999999945062 968
13 0.0001697999999983324 1352
16 0.00018079999999898178 2048
20 0.00035540000000011673 3200
24 0.00037120000000001596 4608
29 0.0013063999999971543 6728
35 0.0007084000000006085 9800
42 0.0011380000000009716 14112
51 0.001653600000000921 20808
62 0.0028207000000008975 30752
75 0.010236500000001314 45000
100 0.026287199999998734 80000
190 0.019950999999998942 288800
200 0.04890879999999953 320000
240 0.11939959999999772 460800
330 0.0692030999999993 871200
360 0.20848649999999935 1036800
400 0.13664449999999917 1280000
490 0.17783260000000212 1920800
500 0.24910859999999957 2000000
540 0.13732989999999745 2332800
596 0.17162779999999955 2841728
719 0.17803160000000062 4135688
868 0.35451630000000023 6027392
900 0.5671227000000023 6480000
1048 0.31837930000000014 8786432
1264 0.5951534000000009 12781568
1526 0.7977431999999993 18629408
1842 1.1210343000000016 27143712
2222 1.7489472999999975 39498272
2500 2.404721300000002 50000000
