1 0.00868549999999857 8
2 0.00020970000000097855 32
3 0.00015220000000049083 72
4 0.00014260000000021478 128
5 0.00037700000000029377 200
6 0.000537899999999425 288
7 0.0003210999999989639 392
9 0.00026729999999908216 648
11 0.0002133999999998082 968
13 0.0003761000000004344 1352
16 0.0012477000000004068 2048
20 0.0004837999999995901 3200
24 0.0006591000000000236 4608
29 0.0050778999999998575 6728
35 0.010224000000000899 9800
42 0.003347899999999626 14112
51 0.0037269999999995918 20808
62 0.029144300000000456 30752
75 0.030263200000000268 45000
100 0.02431449999999913 80000
190 0.034205299999999994 288800
200 0.047002700000000175 320000
240 0.04724249999999941 460800
330 0.29867430000000006 871200
360 0.1700367000000007 1036800
400 0.15517999999999965 1280000
490 0.14359310000000036 1920800
500 0.21063719999999897 2000000
540 0.18559660000000022 2332800
596 0.17930050000000008 2841728
719 0.28030820000000034 4135688
868 0.30722369999999977 6027392
900 0.31021649999999923 6480000
1048 0.34067519999999973 8786432
1264 0.7217441999999998 12781568
1526 0.933238900000001 18629408
1842 1.181792699999999 27143712
2222 1.9208675 39498272
2500 2.678930000000001 50000000
