1 0.0002571000000000101 8
2 0.00013609999999997235 32
3 0.0001526999999998946 72
4 0.00011529999999981833 128
5 0.000156800000000068 200
6 0.0004355999999998694 288
7 0.0003665999999999947 392
9 0.0001669999999998062 648
11 0.00019980000000008324 968
13 0.00017409999999995485 1352
16 0.00015799999999988046 2048
20 0.0005310000000000592 3200
24 0.00033930000000004235 4608
29 0.02996449999999995 6728
35 0.000995200000000196 9800
42 0.0021214999999998874 14112
51 0.015409400000000018 20808
62 0.0393161999999998 30752
75 0.029019899999999987 45000
100 0.008977300000000188 80000
190 0.013397899999999963 288800
200 0.016626199999999924 320000
240 0.026618299999999984 460800
330 0.027015199999999906 871200
360 0.028569000000000067 1036800
400 0.024839999999999973 1280000
490 0.03074189999999999 1920800
500 0.038925600000000005 2000000
540 0.05709209999999998 2332800
596 0.13406010000000013 2841728
719 0.10323409999999988 4135688
868 0.12373540000000016 6027392
900 0.2203360000000001 6480000
1048 0.2445147000000003 8786432
1264 0.2501502999999996 12781568
1526 0.8284253000000001 18629408
1842 0.7839022000000004 27143712
2222 1.8446035000000007 39498272
2500 1.6392014999999995 50000000
