1 0.005287100000003875 8
2 0.00018070000000136588 32
3 0.0001280999999977439 72
4 0.000206199999993828 128
5 0.00015499999999946112 200
6 0.00012800000000368073 288
7 0.0001506999999989489 392
9 0.00019149999999967804 648
11 0.00018979999999402253 968
13 0.00022350000000415093 1352
16 0.00020319999999429683 2048
20 0.0003492999999963331 3200
24 0.0003926999999990244 4608
29 0.0005231999999963932 6728
35 0.0006863999999993098 9800
42 0.0008327999999977465 14112
51 0.0010003000000011752 20808
62 0.0038137999999960925 30752
75 0.009654799999999852 45000
100 0.033350499999997396 80000
190 0.04124439999999652 288800
200 0.04778190000000393 320000
240 0.06675890000000351 460800
330 0.09437719999999672 871200
360 0.083049299999999 1036800
400 0.13102899999999806 1280000
490 0.19071389999999866 1920800
500 0.13525200000000126 2000000
540 0.20015609999999384 2332800
596 0.12751580000000473 2841728
719 0.18124779999999419 4135688
868 0.1064207999999951 6027392
900 0.248527100000004 6480000
1048 0.34589160000000163 8786432
1264 0.4039804000000018 12781568
1526 0.720374299999996 18629408
1842 0.8223737 27143712
2222 1.2117692000000062 39498272
2500 1.6924847999999955 50000000
