1 0.007576399999997818 8
2 0.00021390000000565124 32
3 0.00015480000000422933 72
4 0.00015750000000025466 128
5 0.0001776999999947293 200
6 0.00019689999999883412 288
7 0.00023540000000110695 392
9 0.00022160000000326363 648
11 0.0002330999999955452 968
13 0.00024170000000367509 1352
16 0.00023509999999760112 2048
20 0.0004926999999952386 3200
24 0.0005071000000000936 4608
29 0.02366130000000055 6728
35 0.0010972999999978583 9800
42 0.0017777999999992744 14112
51 0.02816609999999997 20808
62 0.005382099999998502 30752
75 0.007255499999999415 45000
100 0.004944299999998236 80000
190 0.015619000000000938 288800
200 0.01622509999999977 320000
240 0.06778260000000103 460800
330 0.1445276999999976 871200
360 0.06691550000000035 1036800
400 0.18281690000000594 1280000
490 0.11334240000000051 1920800
500 0.11392179999999996 2000000
540 0.08212089999999961 2332800
596 0.2954810000000023 2841728
719 0.1927201000000025 4135688
868 0.20946309999999357 6027392
900 0.32370050000000106 6480000
1048 0.26105399999999435 8786432
1264 0.3502262000000016 12781568
1526 0.6171919999999957 18629408
1842 1.132491299999998 27143712
2222 1.416726600000004 39498272
2500 1.8019031999999982 50000000
