1 0.004386600000000129 16
2 7.520000000127425e-05 64
3 3.389999999825477e-05 144
4 4.110000000068226e-05 256
5 4.8200000001941135e-05 400
6 6.490000000169971e-05 576
7 6.329999999721281e-05 784
9 5.3399999998759995e-05 1296
11 8.19999999990273e-05 1936
13 7.909999999711204e-05 2704
16 6.780000000006225e-05 4096
20 0.00013440000000031205 6400
24 0.0001871999999991658 9216
29 0.00023600000000101318 13456
35 0.00030780000000163454 19600
42 0.000331600000002652 28224
51 0.00039729999999948973 41616
62 0.001287500000000108 61504
75 0.0018545000000003142 90000
100 0.00751719999999878 160000
190 0.0063289999999973645 577600
200 0.006780700000000195 640000
240 0.00452929999999796 921600
330 0.010291999999999746 1742400
360 0.007257700000000256 2073600
400 0.0124645000000001 2560000
490 0.014200999999999908 3841600
500 0.013256900000001792 4000000
540 0.018946400000000807 4665600
596 0.01941900000000274 5683456
719 0.030047199999998497 8271376
868 0.046535200000001 12054784
900 0.05017219999999867 12960000
1048 0.07111190000000178 17572864
1264 0.18428600000000017 25563136
1526 0.4257244 37258816
1842 0.4129985000000005 54287424
2222 0.6251952000000003 78996544
2500 0.8435903000000025 100000000
