1 0.004526199999999925 16
2 6.930000000071601e-05 64
3 3.829999999993561e-05 144
4 3.970000000030893e-05 256
5 4.619999999988522e-05 400
6 4.9599999999649924e-05 576
7 7.830000000019766e-05 784
9 7.559999999973144e-05 1296
11 7.840000000047809e-05 1936
13 7.7600000000011e-05 2704
16 6.20999999991767e-05 4096
20 0.00014109999999956102 6400
24 0.0001619999999995514 9216
29 0.0002013999999999072 13456
35 0.000264299999999551 19600
42 0.00034729999999960626 28224
51 0.00045509999999993056 41616
62 0.0011033000000004733 61504
75 0.0014377999999997115 90000
100 0.0015993999999999176 160000
190 0.0070572999999996 577600
200 0.00355210000000028 640000
240 0.008617600000000003 921600
330 0.008385199999999315 1742400
360 0.010114399999999968 2073600
400 0.010050399999999904 2560000
490 0.011729299999999832 3841600
500 0.02136090000000035 4000000
540 0.016128400000000376 4665600
596 0.019264799999999305 5683456
719 0.03074529999999953 8271376
868 0.045978199999999525 12054784
900 0.049286000000000385 12960000
1048 0.07177410000000073 17572864
1264 0.1127786000000004 25563136
1526 0.19562209999999958 37258816
1842 0.3650203999999988 54287424
2222 0.5093052999999994 78996544
2500 0.7577862 100000000
