1 0.004617400000000771 16
2 8.819999999865047e-05 64
3 4.199999999876525e-05 144
4 3.900000000101045e-05 256
5 4.110000000068226e-05 400
6 5.110000000030368e-05 576
7 5.1400000000256796e-05 784
9 7.62999999999181e-05 1296
11 6.239999999912982e-05 1936
13 6.619999999912807e-05 2704
16 6.160000000043908e-05 4096
20 0.00015830000000072175 6400
24 0.00020459999999999923 9216
29 0.00023159999999933234 13456
35 0.0002980000000007976 19600
42 0.00034199999999984243 28224
51 0.00041169999999901563 41616
62 0.0012529000000007784 61504
75 0.004601799999999656 90000
100 0.0016321000000001362 160000
190 0.008700199999999825 577600
200 0.00819030000000076 640000
240 0.006495800000001495 921600
330 0.011460900000001217 1742400
360 0.009122900000001266 2073600
400 0.010834900000000758 2560000
490 0.014619899999999575 3841600
500 0.015508099999999914 4000000
540 0.017403899999999695 4665600
596 0.019542899999999364 5683456
719 0.030243999999999716 8271376
868 0.04705659999999945 12054784
900 0.1445721000000013 12960000
1048 0.07428430000000041 17572864
1264 0.11739700000000042 25563136
1526 0.22068740000000098 37258816
1842 0.3400289000000001 54287424
2222 0.5982103999999993 78996544
2500 0.7723236 100000000
