1 0.00516760000000005 16
2 7.429999999963854e-05 64
3 4.010000000143066e-05 144
4 4.690000000096006e-05 256
5 4.8700000000678756e-05 400
6 6.639999999968893e-05 576
7 5.969999999955178e-05 784
9 6.49999999993156e-05 1296
11 8.169999999907418e-05 1936
13 6.690000000020291e-05 2704
16 6.28999999996438e-05 4096
20 0.0001448000000010552 6400
24 0.00015009999999904267 9216
29 0.00019909999999967454 13456
35 0.00023509999999937747 19600
42 0.0003847000000014589 28224
51 0.0005124999999992497 41616
62 0.0011331999999999454 61504
75 0.0016342999999992003 90000
100 0.0062968000000012125 160000
190 0.004681500000000227 577600
200 0.009116199999999353 640000
240 0.005995699999999715 921600
330 0.013785199999999165 1742400
360 0.015653999999999613 2073600
400 0.015163099999998764 2560000
490 0.01769269999999956 3841600
500 0.01776640000000107 4000000
540 0.020288499999999487 4665600
596 0.023064500000000265 5683456
719 0.033277299999999954 8271376
868 0.14219890000000035 12054784
900 0.05363079999999876 12960000
1048 0.07237139999999975 17572864
1264 0.11801560000000144 25563136
1526 0.18662750000000017 37258816
1842 0.32391700000000156 54287424
2222 0.6213251 78996544
2500 0.7814572999999996 100000000
