1 0.005363100000000287 16
2 7.910000000066475e-05 64
3 3.460000000110597e-05 144
4 4.38000000002603e-05 256
5 4.2600000000447835e-05 400
6 4.679999999979145e-05 576
7 4.709999999974457e-05 784
9 6.229999999973757e-05 1296
11 7.599999999996498e-05 1936
13 6.789999999945451e-05 2704
16 6.360000000071864e-05 4096
20 0.00014839999999871623 6400
24 0.00020719999999840866 9216
29 0.00025229999999965 13456
35 0.0003194000000004138 19600
42 0.00032790000000026964 28224
51 0.0006245000000006939 41616
62 0.0008650000000010039 61504
75 0.001386999999999361 90000
100 0.0067544999999995525 160000
190 0.007368599999999503 577600
200 0.004623900000000347 640000
240 0.008948399999999523 921600
330 0.008522499999999766 1742400
360 0.010312600000000671 2073600
400 0.01217819999999925 2560000
490 0.013401600000001679 3841600
500 0.01508029999999927 4000000
540 0.016011699999999962 4665600
596 0.019791499999998408 5683456
719 0.03125720000000065 8271376
868 0.04540450000000007 12054784
900 0.05067760000000021 12960000
1048 0.07142939999999953 17572864
1264 0.10983369999999937 25563136
1526 0.18941629999999954 37258816
1842 0.4513791000000005 54287424
2222 0.5507989000000002 78996544
2500 0.7950665000000008 100000000
