1 0.005069200000000329 16
2 0.00010340000000041982 64
3 6.709999999987559e-05 144
4 5.3499999999928605e-05 256
5 4.730000000030543e-05 400
6 5.280000000063012e-05 576
7 7.439999999991898e-05 784
9 8.359999999996148e-05 1296
11 7.689999999982433e-05 1936
13 6.729999999954828e-05 2704
16 0.00010770000000004387 4096
20 0.00015639999999983445 6400
24 0.00016119999999997248 9216
29 0.00019679999999944187 13456
35 0.0002985999999998157 19600
42 0.0006732999999998768 28224
51 0.0007181999999996691 41616
62 0.000779200000000202 61504
75 0.006573300000000337 90000
100 0.029902100000000154 160000
190 0.04786570000000001 577600
200 0.015214400000000516 640000
240 0.0502918999999995 921600
330 0.010952399999999862 1742400
360 0.008411399999999958 2073600
400 0.00818220000000025 2560000
490 0.014665499999999554 3841600
500 0.016253700000000038 4000000
540 0.02440719999999974 4665600
596 0.022406799999999727 5683456
719 0.029164100000000026 8271376
868 0.0457611 12054784
900 0.050388700000000064 12960000
1048 0.07511690000000026 17572864
1264 0.1163924000000005 25563136
1526 0.20267049999999998 37258816
1842 0.3444672000000004 54287424
2222 0.5275759000000004 78996544
2500 0.6966714000000005 100000000
