1 0.004961499999996732 16
2 7.429999999786219e-05 64
3 4.159999999941988e-05 144
4 4.780000000081941e-05 256
5 4.0500000000776026e-05 400
6 6.169999999983133e-05 576
7 0.00010179999999948564 784
9 0.00010340000000041982 1296
11 9.850000000000136e-05 1936
13 9.119999999995798e-05 2704
16 6.669999999786569e-05 4096
20 0.00016099999999852344 6400
24 0.00015959999999992647 9216
29 0.0002780999999991707 13456
35 0.0002916000000006136 19600
42 0.0003658000000008599 28224
51 0.0004420000000031621 41616
62 0.0007041000000000963 61504
75 0.001243599999998679 90000
100 0.009064000000002181 160000
190 0.005642899999998008 577600
200 0.008678299999999695 640000
240 0.007168400000001185 921600
330 0.01104519999999809 1742400
360 0.008074300000000534 2073600
400 0.008871900000002597 2560000
490 0.015350099999999145 3841600
500 0.016700700000001234 4000000
540 0.017685000000000173 4665600
596 0.020625799999997696 5683456
719 0.0320020999999997 8271376
868 0.046590600000001814 12054784
900 0.05096980000000073 12960000
1048 0.07411379999999923 17572864
1264 0.11188669999999945 25563136
1526 0.19891730000000152 37258816
1842 0.4025065999999988 54287424
2222 0.5492965000000005 78996544
2500 0.7988046000000004 100000000
