1 0.0053092000000027895 16
2 9.989999999859833e-05 64
3 4.230000000049472e-05 144
4 4.3300000001522676e-05 256
5 5.800000000277805e-05 400
6 5.990000000011264e-05 576
7 6.139999999987822e-05 784
9 5.52999999996473e-05 1296
11 5.369999999871311e-05 1936
13 5.739999999931911e-05 2704
16 5.9800000002496745e-05 4096
20 0.00020450000000238333 6400
24 0.00015799999999899228 9216
29 0.0002004000000006556 13456
35 0.00028579999999678307 19600
42 0.00032909999999830575 28224
51 0.00045860000000175205 41616
62 0.002973199999999565 61504
75 0.0014369999999992444 90000
100 0.005804699999998775 160000
190 0.009296400000000204 577600
200 0.005237999999998522 640000
240 0.006522999999997836 921600
330 0.010276600000000968 1742400
360 0.010987400000001202 2073600
400 0.010961600000001681 2560000
490 0.013551899999999506 3841600
500 0.013989099999999866 4000000
540 0.017528399999999777 4665600
596 0.02811230000000009 5683456
719 0.031740400000000335 8271376
868 0.12960439999999807 12054784
900 0.05366169999999926 12960000
1048 0.08115469999999902 17572864
1264 0.11994800000000083 25563136
1526 0.1945814999999982 37258816
1842 0.3478431999999998 54287424
2222 0.6449675999999975 78996544
2500 0.8342330000000011 100000000
