1 0.0009873999999999716 16
2 0.00011340000000004125 64
3 8.230000000009063e-05 144
4 7.429999999997161e-05 256
5 8.34999999999031e-05 400
6 8.019999999997474e-05 576
7 7.119999999993798e-05 784
9 7.749999999995261e-05 1296
11 7.449999999997736e-05 1936
13 7.849999999998136e-05 2704
16 8.110000000005613e-05 4096
20 0.0002406999999999826 6400
24 0.0001839000000000146 9216
29 0.00021559999999998247 13456
35 0.00039279999999997095 19600
42 0.0003366000000000202 28224
51 0.0004688999999999943 41616
62 0.0007214999999999305 61504
75 0.004648599999999892 90000
100 0.004296099999999914 160000
190 0.007238300000000031 577600
200 0.005250199999999983 640000
240 0.004584499999999991 921600
330 0.009915899999999978 1742400
360 0.010604900000000028 2073600
400 0.008351100000000056 2560000
490 0.013552699999999973 3841600
500 0.013789599999999957 4000000
540 0.016734499999999985 4665600
596 0.018700700000000015 5683456
719 0.03067629999999999 8271376
868 0.050207800000000025 12054784
900 0.05096519999999993 12960000
1048 0.06842039999999994 17572864
1264 0.1101356 25563136
1526 0.18228909999999998 37258816
1842 0.37725110000000006 54287424
2222 0.4900954999999998 78996544
2500 0.7524058 100000000
