1 0.004571499999999951 16
2 8.300000000005525e-05 64
3 4.500000000007276e-05 144
4 6.250000000029843e-05 256
5 5.98000000002763e-05 400
6 5.880000000013652e-05 576
7 6.189999999994811e-05 784
9 7.320000000010651e-05 1296
11 7.469999999987209e-05 1936
13 7.009999999985084e-05 2704
16 7.270000000003662e-05 4096
20 0.00015249999999999986 6400
24 0.00015270000000011663 9216
29 0.00020379999999997622 13456
35 0.00029539999999972366 19600
42 0.0004821999999999882 28224
51 0.0005237000000000158 41616
62 0.0006496999999998643 61504
75 0.0017792000000000918 90000
100 0.008646300000000107 160000
190 0.005253300000000127 577600
200 0.005814599999999892 640000
240 0.007360499999999881 921600
330 0.008478799999999787 1742400
360 0.009472500000000217 2073600
400 0.009583899999999979 2560000
490 0.012722099999999958 3841600
500 0.01278239999999986 4000000
540 0.01699760000000028 4665600
596 0.02135139999999991 5683456
719 0.033408000000000104 8271376
868 0.04818039999999968 12054784
900 0.052141400000000004 12960000
1048 0.07357159999999974 17572864
1264 0.2385598 25563136
1526 0.21043720000000032 37258816
1842 0.3441404999999995 54287424
2222 0.5152671 78996544
2500 0.6951277000000005 100000000
